0.000696 0.000199 0.000280 0.002165 0.000407 0.000285 0.000719 0.000374 0.000243 0.000905 0.000124 0.000062 0.622962 0.007254 0.017347 0.000567 0.001561 0.000041 0.304949 0.015522 0.017959 0.001793 0.000973 0.002614
0.074842 0.289449 0.576807 0.007098 0.007920 0.002334 0.000329 0.000012 0.000033 0.000021 0.000035 0.000139 0.000289 0.000032 0.000245 0.016068 0.005091 0.016674 0.000644 0.000504 0.001246 0.000010 0.000126 0.000053
0.088056 0.128493 0.498573 0.002367 0.005782 0.000563 0.000230 0.000028 0.001733 0.000036 0.000095 0.000156 0.011962 0.000280 0.012803 0.064624 0.012538 0.095945 0.032135 0.015315 0.025385 0.000154 0.000165 0.002582
0.000542 0.000048 0.000558 0.498055 0.022099 0.476376 0.000005 0.000000 0.000002 0.000093 0.000053 0.000126 0.000001 0.000002 0.000005 0.000182 0.000025 0.000643 0.000606 0.000029 0.000532 0.000012 0.000000 0.000003
0.069163 0.334658 0.292706 0.002892 0.012555 0.002166 0.000156 0.000067 0.004284 0.000077 0.002419 0.000370 0.014885 0.001043 0.048464 0.075172 0.032003 0.101310 0.000235 0.002791 0.000629 0.000062 0.000937 0.000958
0.001228 0.000169 0.000488 0.005540 0.002539 0.000326 0.001096 0.000920 0.000714 0.001282 0.000909 0.000015 0.037242 0.001787 0.010684 0.004786 0.004380 0.000796 0.721216 0.095826 0.086939 0.016747 0.000258 0.004114
0.000264 0.000023 0.000403 0.574498 0.008545 0.414986 0.000008 0.000000 0.000001 0.000142 0.000043 0.000050 0.000001 0.000001 0.000009 0.000076 0.000024 0.000120 0.000629 0.000021 0.000144 0.000009 0.000001 0.000002
0.000010 0.000001 0.000597 0.000593 0.000176 0.041810 0.000081 0.000005 0.000044 0.018463 0.001108 0.918231 0.000003 0.000019 0.000427 0.000003 0.000001 0.000192 0.000106 0.000072 0.016390 0.001080 0.000001 0.000586
0.004313 0.003679 0.313993 0.049514 0.010289 0.609682 0.000075 0.000000 0.000010 0.001182 0.000806 0.004801 0.000003 0.000001 0.000217 0.000103 0.000023 0.001062 0.000057 0.000010 0.000156 0.000012 0.000001 0.000012
0.002386 0.002240 0.223022 0.033143 0.009580 0.553005 0.000096 0.000000 0.000258 0.000643 0.001079 0.051696 0.000219 0.000615 0.004476 0.007720 0.004712 0.092981 0.002123 0.000130 0.008935 0.000064 0.000021 0.000855
0.000119 0.000011 0.000382 0.000382 0.000019 0.000376 0.000020 0.000017 0.002738 0.000212 0.000054 0.000252 0.000318 0.000165 0.007419 0.000061 0.000562 0.000609 0.014769 0.044585 0.916898 0.009207 0.000040 0.000783
0.155838 0.143199 0.685579 0.003337 0.000180 0.000574 0.000042 0.000003 0.000182 0.000008 0.000016 0.000053 0.002938 0.000283 0.000712 0.000775 0.004058 0.001026 0.000139 0.000636 0.000344 0.000001 0.000074 0.000002
0.026000 0.000870 0.934663 0.000564 0.000050 0.000565 0.000541 0.000003 0.000077 0.000964 0.000008 0.000203 0.000140 0.000021 0.000128 0.000076 0.000006 0.000109 0.008566 0.001126 0.025309 0.000011 0.000000 0.000002
0.000022 0.000120 0.002405 0.000233 0.000232 0.012442 0.000001 0.000000 0.000008 0.000009 0.000103 0.001920 0.000000 0.000006 0.000094 0.004970 0.001046 0.976063 0.000006 0.000001 0.000156 0.000007 0.000002 0.000155
0.002825 0.008984 0.641513 0.010467 0.002736 0.301331 0.000051 0.000000 0.000089 0.000765 0.001239 0.012542 0.000023 0.000005 0.001835 0.000435 0.000072 0.014560 0.000080 0.000019 0.000348 0.000005 0.000001 0.000074
0.075844 0.019556 0.403026 0.000539 0.000202 0.000349 0.000299 0.000037 0.003681 0.000026 0.000088 0.000096 0.093566 0.004734 0.356699 0.004306 0.008455 0.004747 0.008370 0.008963 0.006112 0.000046 0.000075 0.000184
0.010983 0.026508 0.956050 0.000164 0.000191 0.005035 0.000066 0.000000 0.000006 0.000027 0.000241 0.000382 0.000002 0.000000 0.000067 0.000013 0.000004 0.000235 0.000003 0.000004 0.000017 0.000000 0.000001 0.000000
0.000025 0.000003 0.000750 0.004989 0.000459 0.111173 0.000041 0.000000 0.000034 0.014953 0.002530 0.861053 0.000000 0.000003 0.000089 0.000038 0.000001 0.000882 0.000013 0.000003 0.002372 0.000479 0.000001 0.000108
0.000123 0.000055 0.025182 0.010063 0.002609 0.944867 0.000015 0.000000 0.000009 0.000084 0.000067 0.001846 0.000000 0.000002 0.000178 0.000283 0.000014 0.014425 0.000017 0.000001 0.000136 0.000008 0.000000 0.000016
0.000088 0.000004 0.000785 0.010649 0.000579 0.069734 0.000056 0.000002 0.000097 0.143166 0.010054 0.713924 0.000003 0.000062 0.002764 0.000250 0.000010 0.001083 0.000765 0.000443 0.032819 0.010893 0.000005 0.001763
0.014623 0.001608 0.004694 0.002806 0.000591 0.000724 0.000002 0.000000 0.000047 0.000045 0.000006 0.000696 0.000995 0.007977 0.008593 0.097137 0.005826 0.852216 0.000170 0.000056 0.000825 0.000035 0.000167 0.000160
0.001072 0.000126 0.249652 0.005459 0.002429 0.387353 0.012143 0.000007 0.000865 0.014000 0.001714 0.249209 0.000009 0.000034 0.001241 0.000534 0.000003 0.005411 0.002112 0.000089 0.065970 0.000486 0.000002 0.000078
0.045230 0.017124 0.829940 0.012596 0.001354 0.034216 0.000607 0.000000 0.000248 0.001506 0.001041 0.049985 0.000129 0.000033 0.001251 0.000373 0.000061 0.003275 0.000175 0.000108 0.000722 0.000010 0.000001 0.000015
0.051938 0.002587 0.245263 0.101831 0.002876 0.184960 0.001301 0.000001 0.001258 0.005590 0.001239 0.062566 0.005591 0.008508 0.070484 0.005097 0.001582 0.027285 0.121215 0.009633 0.087526 0.000696 0.000013 0.000959
0.000042 0.000003 0.006080 0.004850 0.000286 0.903194 0.000073 0.000000 0.000067 0.001960 0.000386 0.073418 0.000000 0.000001 0.000191 0.000010 0.000001 0.003172 0.000057 0.000009 0.006093 0.000069 0.000000 0.000037
0.000201 0.000002 0.001691 0.006112 0.000440 0.193430 0.000460 0.000004 0.000062 0.044246 0.010329 0.357366 0.000181 0.007895 0.178044 0.000296 0.000005 0.005092 0.004228 0.000415 0.185756 0.002923 0.000026 0.000795
0.118947 0.000979 0.033955 0.005172 0.000060 0.000998 0.428374 0.024937 0.157185 0.015908 0.003852 0.001192 0.109309 0.001652 0.027939 0.000048 0.000008 0.000030 0.006140 0.008594 0.046874 0.007396 0.000426 0.000023
0.047537 0.004409 0.758260 0.000038 0.000015 0.000833 0.007264 0.000110 0.003148 0.000087 0.000176 0.002967 0.002135 0.000041 0.083087 0.000009 0.000006 0.000634 0.000203 0.000548 0.088400 0.000017 0.000048 0.000028
0.053370 0.031704 0.873555 0.000988 0.000757 0.030033 0.000059 0.000000 0.000030 0.000054 0.000060 0.001114 0.000003 0.000003 0.000109 0.000171 0.000025 0.007765 0.000004 0.000002 0.000190 0.000001 0.000002 0.000002
0.661316 0.016737 0.287984 0.005280 0.001149 0.000423 0.000626 0.000007 0.000129 0.000081 0.000009 0.000013 0.000727 0.000024 0.000370 0.000160 0.000032 0.000195 0.004673 0.006806 0.013232 0.000024 0.000003 0.000002
0.000773 0.000052 0.000478 0.000226 0.000274 0.002076 0.000007 0.000012 0.001256 0.000041 0.000212 0.000204 0.005058 0.003916 0.966998 0.000867 0.001197 0.008626 0.000263 0.000060 0.004019 0.000073 0.000069 0.003244
0.014511 0.028827 0.953761 0.000043 0.000079 0.001522 0.000031 0.000000 0.000012 0.000029 0.000068 0.000481 0.000002 0.000002 0.000221 0.000052 0.000005 0.000313 0.000002 0.000003 0.000033 0.000000 0.000001 0.000000
0.328370 0.027563 0.613680 0.000516 0.000782 0.000080 0.001359 0.000004 0.000161 0.000067 0.000008 0.000010 0.004606 0.000174 0.002722 0.002397 0.000037 0.000308 0.013568 0.001178 0.002399 0.000006 0.000004 0.000002
0.144385 0.409950 0.433206 0.000198 0.000147 0.000119 0.000037 0.000002 0.000053 0.000014 0.000016 0.000013 0.000094 0.000004 0.000733 0.003717 0.000284 0.006913 0.000040 0.000007 0.000057 0.000000 0.000010 0.000002
0.000139 0.000018 0.002636 0.014556 0.000956 0.440350 0.000027 0.000001 0.000101 0.114667 0.031712 0.370508 0.000001 0.000010 0.001935 0.000623 0.000006 0.012282 0.000208 0.000015 0.007426 0.000940 0.000003 0.000880
0.925536 0.016418 0.052184 0.004199 0.000106 0.000599 0.000005 0.000000 0.000005 0.000309 0.000010 0.000083 0.000010 0.000000 0.000017 0.000058 0.000001 0.000084 0.000084 0.000014 0.000275 0.000002 0.000000 0.000000
0.203663 0.533169 0.166064 0.000688 0.000287 0.000135 0.000004 0.000000 0.000007 0.000077 0.000003 0.000031 0.000030 0.000148 0.000063 0.075620 0.001609 0.018158 0.000116 0.000015 0.000101 0.000001 0.000012 0.000000
0.000054 0.000212 0.000276 0.000023 0.000210 0.000163 0.000014 0.000003 0.000019 0.000022 0.000272 0.000857 0.000268 0.754766 0.204871 0.000874 0.030611 0.004207 0.000258 0.000260 0.000374 0.000023 0.000344 0.001019
0.000094 0.000392 0.001768 0.000178 0.000855 0.005515 0.000006 0.000000 0.000052 0.000049 0.000242 0.002228 0.000005 0.000434 0.017729 0.036057 0.006491 0.924096 0.000030 0.000002 0.000063 0.000078 0.000071 0.003566
0.000169 0.000011 0.000297 0.000012 0.000014 0.000024 0.000286 0.000964 0.009274 0.001252 0.005662 0.010594 0.011517 0.041052 0.831953 0.000170 0.000076 0.001557 0.000716 0.019164 0.035021 0.001508 0.001537 0.027170
0.075638 0.001775 0.010974 0.672742 0.002519 0.174488 0.000035 0.000003 0.000378 0.001684 0.000151 0.000977 0.000304 0.000652 0.003507 0.001829 0.002557 0.003865 0.028631 0.000652 0.015833 0.000445 0.000198 0.000163
0.002918 0.001021 0.619742 0.001044 0.000427 0.240223 0.000181 0.000001 0.000283 0.003869 0.000371 0.054866 0.000004 0.000007 0.010989 0.000051 0.000023 0.011205 0.000711 0.000125 0.051455 0.000040 0.000001 0.000443
0.001320 0.000679 0.007663 0.147723 0.029645 0.612549 0.000022 0.000013 0.000348 0.005019 0.002297 0.001352 0.000002 0.000006 0.000592 0.022265 0.000978 0.161440 0.000707 0.000071 0.000553 0.000203 0.000009 0.004542
0.000093 0.000036 0.000344 0.000013 0.000012 0.000366 0.000004 0.000000 0.000259 0.000023 0.000018 0.000090 0.002703 0.000442 0.994928 0.000042 0.000031 0.000217 0.000009 0.000005 0.000070 0.000002 0.000017 0.000276
0.000205 0.001562 0.001117 0.000018 0.000635 0.000299 0.000001 0.000000 0.000064 0.000064 0.000098 0.000347 0.000007 0.000477 0.003894 0.020947 0.019747 0.949919 0.000005 0.000018 0.000035 0.000034 0.000051 0.000456
0.769892 0.008381 0.034803 0.160683 0.002433 0.018241 0.000008 0.000000 0.000033 0.000269 0.000019 0.000039 0.000017 0.000011 0.000044 0.000537 0.000029 0.000982 0.002252 0.000192 0.001129 0.000004 0.000000 0.000000
0.073529 0.009083 0.029238 0.028738 0.039734 0.005332 0.000043 0.000003 0.000043 0.000396 0.000039 0.000079 0.000010 0.000204 0.000088 0.425245 0.010680 0.347076 0.017927 0.002474 0.009785 0.000174 0.000028 0.000052
0.000059 0.000146 0.000460 0.000316 0.001877 0.046491 0.000023 0.000004 0.000495 0.000015 0.016441 0.003416 0.000465 0.022068 0.828639 0.000674 0.001429 0.069292 0.000018 0.000004 0.001055 0.000094 0.001306 0.005210
0.017061 0.000537 0.001607 0.630801 0.029143 0.242190 0.000085 0.000002 0.000101 0.014695 0.001063 0.003694 0.000769 0.000387 0.003327 0.010444 0.000903 0.003839 0.026325 0.000250 0.008339 0.002383 0.000056 0.001999
0.000246 0.000002 0.000022 0.000609 0.000099 0.000421 0.018818 0.003925 0.900173 0.000345 0.000858 0.000269 0.007143 0.003995 0.004971 0.000038 0.000034 0.000479 0.013726 0.019486 0.014054 0.008130 0.000212 0.001946
0.005245 0.002372 0.010134 0.000044 0.000249 0.000056 0.000206 0.000082 0.024409 0.000016 0.000263 0.000264 0.019592 0.033242 0.391659 0.014049 0.053438 0.345272 0.000676 0.082011 0.004602 0.000450 0.006522 0.005147
0.000865 0.004506 0.001216 0.000123 0.001723 0.000049 0.000015 0.000002 0.001552 0.000003 0.000075 0.000012 0.000170 0.001027 0.000190 0.083512 0.206460 0.693702 0.000118 0.001711 0.000552 0.000099 0.001550 0.000769
0.855771 0.007040 0.126228 0.004417 0.000067 0.000420 0.000056 0.000002 0.000213 0.000078 0.000045 0.000149 0.000354 0.000266 0.000171 0.000364 0.000072 0.001993 0.000349 0.000991 0.000949 0.000002 0.000004 0.000001
0.187206 0.154443 0.114214 0.000977 0.000240 0.000320 0.000058 0.000007 0.001847 0.000016 0.000135 0.000065 0.005329 0.001271 0.015586 0.018613 0.012309 0.485426 0.000481 0.000533 0.000659 0.000005 0.000077 0.000185
0.051210 0.003443 0.876922 0.011933 0.000630 0.052357 0.000055 0.000000 0.000035 0.000868 0.000299 0.000423 0.000003 0.000004 0.000146 0.000057 0.000009 0.000694 0.000170 0.000087 0.000652 0.000001 0.000000 0.000000
0.003681 0.000476 0.002616 0.017576 0.004234 0.007709 0.000002 0.000000 0.000074 0.000104 0.000078 0.000641 0.000045 0.000424 0.000396 0.287745 0.005956 0.662200 0.002288 0.000328 0.003068 0.000041 0.000004 0.000313
0.347822 0.008199 0.244167 0.048646 0.003327 0.019918 0.000269 0.000001 0.002597 0.003401 0.001127 0.032236 0.008935 0.004389 0.031048 0.014417 0.000898 0.047088 0.028617 0.006199 0.145810 0.000517 0.000008 0.000366
0.539273 0.001871 0.345197 0.017640 0.000366 0.002293 0.001280 0.000003 0.000105 0.003503 0.000032 0.000197 0.000372 0.000020 0.000113 0.000074 0.000002 0.000090 0.033910 0.004622 0.049004 0.000033 0.000000 0.000000
0.009967 0.001262 0.675525 0.014316 0.000796 0.276445 0.000231 0.000000 0.000035 0.007305 0.001841 0.009970 0.000001 0.000000 0.000234 0.000039 0.000001 0.001058 0.000042 0.000013 0.000910 0.000004 0.000000 0.000004
0.210887 0.015426 0.226789 0.004561 0.001231 0.001529 0.000044 0.000002 0.002225 0.000055 0.000066 0.000584 0.046181 0.003396 0.394342 0.017269 0.003636 0.060057 0.003037 0.001171 0.007247 0.000030 0.000056 0.000177
0.875909 0.008891 0.091736 0.018781 0.000640 0.000458 0.000082 0.000000 0.000063 0.000103 0.000025 0.000084 0.000295 0.000017 0.000105 0.001035 0.000021 0.000847 0.000336 0.000058 0.000509 0.000004 0.000001 0.000001
0.083851 0.003611 0.342586 0.189711 0.014190 0.353248 0.000085 0.000000 0.000017 0.001490 0.000527 0.002428 0.000002 0.000006 0.000059 0.000787 0.000024 0.004408 0.000336 0.000130 0.002482 0.000018 0.000001 0.000002
0.004225 0.001113 0.952893 0.000732 0.000250 0.024156 0.000143 0.000000 0.000047 0.000491 0.000709 0.009332 0.000004 0.000002 0.000427 0.000090 0.000003 0.004440 0.000025 0.000006 0.000902 0.000003 0.000000 0.000008
0.102056 0.007201 0.149044 0.146303 0.018782 0.105890 0.000070 0.000000 0.000912 0.001080 0.000505 0.014202 0.001230 0.002419 0.006484 0.048068 0.004615 0.340829 0.007522 0.000843 0.041371 0.000100 0.000018 0.000455
0.009057 0.006666 0.353175 0.009394 0.029548 0.241335 0.000073 0.000000 0.000007 0.000187 0.000171 0.003098 0.000000 0.000076 0.000068 0.018201 0.000448 0.328228 0.000020 0.000009 0.000225 0.000005 0.000006 0.000002
0.365876 0.008270 0.595195 0.001700 0.000248 0.000840 0.000072 0.000000 0.000218 0.000193 0.000024 0.003092 0.000654 0.000506 0.002051 0.002825 0.000126 0.006974 0.001240 0.000495 0.009382 0.000009 0.000002 0.000010
0.000315 0.000010 0.000607 0.000001 0.000001 0.000002 0.015180 0.000142 0.982802 0.000001 0.000004 0.000076 0.000024 0.000012 0.000264 0.000001 0.000001 0.000159 0.000026 0.000099 0.000244 0.000011 0.000001 0.000016
0.000616 0.000694 0.001387 0.000102 0.000050 0.001793 0.000004 0.000000 0.000388 0.000001 0.000009 0.000104 0.005570 0.001610 0.980724 0.000544 0.001242 0.001088 0.000428 0.000197 0.003166 0.000006 0.000091 0.000186
0.001463 0.007618 0.032936 0.000227 0.003010 0.007139 0.000011 0.000000 0.000005 0.000004 0.000039 0.000523 0.000000 0.000033 0.000083 0.063592 0.001828 0.881399 0.000005 0.000002 0.000019 0.000003 0.000023 0.000039
0.227109 0.009428 0.228157 0.096501 0.021799 0.108485 0.000373 0.000002 0.001086 0.003868 0.001746 0.037198 0.007997 0.005217 0.008713 0.037906 0.004642 0.076863 0.073168 0.005570 0.041813 0.000267 0.000020 0.002072
0.038893 0.004143 0.415332 0.028701 0.007558 0.208639 0.000792 0.000000 0.000369 0.001363 0.001488 0.156436 0.008803 0.004241 0.074513 0.001994 0.000318 0.011557 0.010499 0.001688 0.021992 0.000047 0.000009 0.000627
0.000191 0.000026 0.000504 0.079032 0.007579 0.904508 0.000011 0.000000 0.000006 0.000760 0.000501 0.002523 0.000008 0.000008 0.000478 0.000110 0.000015 0.001412 0.000813 0.000008 0.001396 0.000042 0.000003 0.000067
0.005286 0.003706 0.979811 0.000166 0.000156 0.007331 0.000042 0.000000 0.000004 0.000262 0.000057 0.002661 0.000001 0.000000 0.000139 0.000030 0.000001 0.000303 0.000003 0.000001 0.000039 0.000000 0.000000 0.000001
0.000390 0.000232 0.014441 0.023824 0.006989 0.807561 0.000022 0.000000 0.000057 0.002318 0.004475 0.107929 0.000006 0.000108 0.002398 0.000325 0.000385 0.023566 0.000412 0.000062 0.003350 0.000416 0.000010 0.000724
0.119976 0.024625 0.261917 0.034640 0.018475 0.056979 0.000513 0.000003 0.002285 0.002744 0.000791 0.023406 0.013706 0.008794 0.068124 0.016776 0.005928 0.038356 0.116737 0.012096 0.168445 0.002098 0.000033 0.002554
0.000911 0.024011 0.000230 0.001642 0.003270 0.000786 0.000000 0.000000 0.000005 0.000002 0.000007 0.000003 0.000007 0.000211 0.000122 0.340483 0.043215 0.584859 0.000044 0.000017 0.000004 0.000006 0.000103 0.000060
0.000042 0.000664 0.000718 0.000552 0.004890 0.011133 0.000000 0.000000 0.000015 0.000013 0.000162 0.000164 0.000001 0.000253 0.000759 0.039597 0.015925 0.923614 0.000045 0.000022 0.000038 0.000056 0.000024 0.001311
0.000052 0.000018 0.008779 0.000341 0.000081 0.013617 0.000638 0.000006 0.001315 0.020124 0.005338 0.945201 0.000003 0.000011 0.000738 0.000079 0.000001 0.001519 0.000016 0.000056 0.000493 0.000566 0.000002 0.001006
0.000275 0.000093 0.002061 0.107342 0.014885 0.873082 0.000034 0.000000 0.000004 0.000273 0.000136 0.000625 0.000001 0.000002 0.000234 0.000076 0.000010 0.000480 0.000250 0.000005 0.000108 0.000009 0.000000 0.000016
0.004525 0.002386 0.247827 0.000971 0.000364 0.033088 0.000368 0.000001 0.000250 0.001966 0.000380 0.024643 0.002538 0.000133 0.678924 0.000049 0.000006 0.000410 0.000265 0.000018 0.000630 0.000026 0.000004 0.000228
0.000052 0.000062 0.004543 0.003990 0.002816 0.969474 0.000003 0.000000 0.000012 0.000023 0.000137 0.000895 0.000000 0.000011 0.000171 0.000113 0.000135 0.017116 0.000028 0.000005 0.000392 0.000010 0.000001 0.000012
0.484054 0.039640 0.471593 0.001939 0.000251 0.000546 0.000016 0.000000 0.000010 0.000059 0.000011 0.000347 0.000065 0.000039 0.000167 0.000416 0.000042 0.000584 0.000056 0.000051 0.000111 0.000001 0.000002 0.000001
0.000038 0.000055 0.003661 0.013064 0.003302 0.977303 0.000008 0.000000 0.000001 0.000070 0.000099 0.001333 0.000000 0.000000 0.000023 0.000014 0.000003 0.000860 0.000035 0.000004 0.000118 0.000003 0.000000 0.000005
0.324331 0.088797 0.543040 0.000395 0.000505 0.000337 0.000799 0.000011 0.000222 0.000033 0.000010 0.000033 0.002245 0.000069 0.035995 0.000492 0.000110 0.000943 0.000307 0.000258 0.001009 0.000013 0.000042 0.000004
0.279034 0.197756 0.252006 0.006138 0.000720 0.001176 0.000057 0.000000 0.000172 0.000146 0.000024 0.000749 0.001005 0.001745 0.002138 0.141018 0.022137 0.089491 0.002124 0.000396 0.001828 0.000015 0.000024 0.000099
0.018157 0.009275 0.242860 0.089750 0.002675 0.427562 0.000660 0.000000 0.000786 0.005900 0.002087 0.075384 0.000663 0.001789 0.032189 0.004482 0.002233 0.022800 0.016654 0.002482 0.039975 0.000422 0.000012 0.001205
0.001690 0.000055 0.001685 0.001687 0.000049 0.000889 0.000266 0.000001 0.000234 0.001683 0.000013 0.001377 0.000685 0.000679 0.002560 0.000042 0.000068 0.000353 0.385990 0.006268 0.592405 0.001285 0.000002 0.000035
0.431187 0.120867 0.027110 0.363283 0.008004 0.015831 0.000024 0.000000 0.000058 0.000083 0.000014 0.000154 0.000201 0.000161 0.000250 0.012472 0.006495 0.008362 0.002699 0.000476 0.002212 0.000023 0.000021 0.000010
0.000176 0.000133 0.005822 0.000038 0.000017 0.000662 0.091855 0.000577 0.897099 0.000199 0.000224 0.002164 0.000069 0.000016 0.000543 0.000000 0.000002 0.000026 0.000018 0.000057 0.000036 0.000130 0.000005 0.000133
0.000022 0.000059 0.001902 0.008652 0.003197 0.976662 0.000008 0.000000 0.000019 0.000304 0.000097 0.002319 0.000000 0.000001 0.000060 0.000163 0.000023 0.006273 0.000010 0.000000 0.000097 0.000015 0.000001 0.000114
0.069264 0.057360 0.622037 0.057214 0.033383 0.149092 0.000240 0.000001 0.000091 0.001516 0.000488 0.003989 0.000028 0.000017 0.000328 0.001238 0.000090 0.002917 0.000140 0.000080 0.000426 0.000031 0.000004 0.000027
0.767818 0.072685 0.051830 0.085724 0.013561 0.005124 0.000063 0.000001 0.000009 0.000243 0.000020 0.000073 0.000026 0.000014 0.000023 0.001162 0.000163 0.000353 0.000449 0.000204 0.000427 0.000022 0.000006 0.000001
0.012942 0.010559 0.363795 0.005771 0.009993 0.144973 0.000238 0.000000 0.000723 0.000213 0.000258 0.028692 0.000145 0.000661 0.066943 0.004387 0.002377 0.334158 0.000872 0.000244 0.010472 0.000095 0.000066 0.001424
0.012693 0.007069 0.343412 0.045175 0.004594 0.481453 0.000397 0.000000 0.000389 0.002212 0.000792 0.037606 0.000226 0.000399 0.017741 0.000873 0.000528 0.011259 0.006158 0.001914 0.023601 0.000112 0.000003 0.001395
0.000907 0.000457 0.014679 0.002431 0.006699 0.060184 0.000631 0.000509 0.001191 0.003440 0.059541 0.015202 0.000171 0.000213 0.814799 0.000628 0.000112 0.004908 0.000030 0.000432 0.000615 0.001142 0.000787 0.010292
0.000175 0.000036 0.001438 0.000016 0.000138 0.000953 0.000030 0.000000 0.000020 0.000124 0.000013 0.000348 0.000382 0.000128 0.995512 0.000056 0.000002 0.000425 0.000006 0.000001 0.000029 0.000005 0.000048 0.000115
0.003785 0.004339 0.003608 0.003071 0.051952 0.006823 0.001161 0.000538 0.001481 0.036170 0.004266 0.003285 0.010970 0.029308 0.077661 0.008999 0.012879 0.002285 0.281038 0.246562 0.085649 0.112832 0.004201 0.007138
0.001267 0.000540 0.009246 0.118828 0.009369 0.845562 0.000035 0.000000 0.000035 0.001268 0.000920 0.005025 0.000027 0.000081 0.001763 0.001234 0.000261 0.001419 0.001089 0.000119 0.001366 0.000103 0.000018 0.000425
0.007444 0.001517 0.009999 0.303141 0.144240 0.225578 0.000330 0.000190 0.001821 0.001881 0.000876 0.000195 0.000341 0.000162 0.006141 0.129011 0.006464 0.027457 0.092211 0.001070 0.014260 0.004927 0.000213 0.020531
0.005324 0.013012 0.979685 0.000060 0.000193 0.001125 0.000033 0.000000 0.000003 0.000029 0.000030 0.000209 0.000000 0.000000 0.000036 0.000028 0.000002 0.000219 0.000002 0.000001 0.000006 0.000000 0.000000 0.000000
0.000427 0.000616 0.047168 0.008537 0.068541 0.464647 0.000015 0.000000 0.000054 0.000728 0.000226 0.004838 0.000000 0.000010 0.000746 0.025156 0.000222 0.377416 0.000056 0.000003 0.000322 0.000081 0.000008 0.000183
0.007026 0.003704 0.017128 0.002042 0.010978 0.002144 0.000008 0.000004 0.004373 0.000325 0.000241 0.001846 0.016501 0.001472 0.836735 0.023137 0.003476 0.051325 0.001250 0.001007 0.006116 0.003700 0.000504 0.004958
0.235344 0.050754 0.689887 0.006694 0.001877 0.001188 0.000054 0.000001 0.000075 0.001849 0.000207 0.004092 0.000259 0.000062 0.000083 0.004428 0.000125 0.001181 0.000250 0.000459 0.001060 0.000055 0.000011 0.000005
0.000804 0.003107 0.032767 0.000269 0.002151 0.015007 0.000263 0.000007 0.003377 0.000109 0.002137 0.008804 0.012461 0.021925 0.888972 0.000319 0.000189 0.003423 0.000097 0.000074 0.001522 0.000288 0.000157 0.001770
0.016628 0.010675 0.140496 0.071272 0.032886 0.644043 0.000225 0.000000 0.000552 0.001903 0.002317 0.018584 0.000274 0.001045 0.002805 0.004750 0.006500 0.027389 0.003384 0.000932 0.012672 0.000142 0.000018 0.000507
0.000940 0.002418 0.005174 0.000325 0.002210 0.000855 0.000000 0.000000 0.000003 0.000004 0.000006 0.000080 0.000001 0.000020 0.000051 0.079545 0.001636 0.906599 0.000013 0.000004 0.000030 0.000008 0.000009 0.000070
0.213929 0.192877 0.510524 0.025861 0.028779 0.011539 0.000058 0.000001 0.000011 0.000547 0.000171 0.000824 0.000016 0.000046 0.000098 0.005278 0.000436 0.008620 0.000081 0.000064 0.000210 0.000016 0.000010 0.000003
0.000079 0.000027 0.006255 0.006042 0.005492 0.149123 0.001432 0.000010 0.000605 0.027677 0.008987 0.786606 0.000000 0.000007 0.000109 0.000356 0.000004 0.005427 0.000005 0.000003 0.000250 0.000633 0.000003 0.000867
0.000383 0.000016 0.002030 0.000126 0.000054 0.000199 0.001574 0.003078 0.530576 0.001103 0.004530 0.035661 0.012371 0.085301 0.130796 0.000753 0.000130 0.041321 0.000663 0.079389 0.021203 0.006517 0.000635 0.041591
0.001874 0.000024 0.000499 0.001089 0.000037 0.000079 0.000083 0.000020 0.001039 0.000335 0.000019 0.000890 0.008825 0.004288 0.013570 0.000233 0.000105 0.000466 0.047036 0.032732 0.885587 0.000827 0.000103 0.000239
0.000395 0.000088 0.001765 0.001228 0.000178 0.000256 0.000048 0.000002 0.000121 0.000191 0.000005 0.000103 0.000100 0.000038 0.000086 0.000426 0.000039 0.000230 0.383001 0.018631 0.592704 0.000302 0.000005 0.000059
0.002218 0.011682 0.320821 0.000346 0.000734 0.005488 0.000008 0.000000 0.000057 0.000013 0.000035 0.002510 0.000019 0.000056 0.003506 0.030350 0.000594 0.620879 0.000023 0.000007 0.000375 0.000001 0.000019 0.000260
0.001877 0.000257 0.436309 0.001634 0.000289 0.080129 0.000431 0.000006 0.000733 0.022010 0.001052 0.256742 0.000114 0.000024 0.010234 0.000030 0.000010 0.000762 0.001539 0.000280 0.185045 0.000115 0.000001 0.000380
0.062190 0.004680 0.102248 0.002516 0.000355 0.003120 0.000008 0.000002 0.004655 0.000170 0.000245 0.008220 0.004599 0.002947 0.145428 0.039160 0.012093 0.545790 0.001571 0.001064 0.056380 0.000197 0.000025 0.002339
0.000356 0.000009 0.000442 0.000810 0.000023 0.000181 0.000094 0.000009 0.000234 0.001903 0.000023 0.000159 0.000799 0.000054 0.001001 0.000055 0.000007 0.000051 0.290348 0.000815 0.701509 0.001088 0.000001 0.000027
0.789578 0.027393 0.073591 0.007498 0.000136 0.000366 0.000109 0.000004 0.000156 0.000021 0.000007 0.000078 0.094418 0.000265 0.000376 0.000036 0.000019 0.000035 0.004205 0.000334 0.001369 0.000002 0.000003 0.000002
0.001937 0.000932 0.022483 0.204303 0.011848 0.736238 0.000011 0.000000 0.000057 0.001080 0.000433 0.002163 0.000041 0.000015 0.000065 0.000903 0.000170 0.003749 0.002478 0.000265 0.010755 0.000029 0.000001 0.000044
0.000809 0.000180 0.000403 0.005016 0.000238 0.002471 0.000033 0.000051 0.000603 0.001238 0.000083 0.000078 0.708698 0.002680 0.064976 0.000217 0.000105 0.000356 0.180501 0.000992 0.027865 0.001498 0.000115 0.000792
0.006417 0.002251 0.078392 0.064094 0.003266 0.530704 0.000065 0.000001 0.000594 0.012108 0.004384 0.145941 0.014071 0.007478 0.039576 0.004235 0.001036 0.024501 0.008902 0.000923 0.048980 0.000651 0.000164 0.001263
0.079935 0.443352 0.066584 0.003062 0.006051 0.000669 0.000051 0.000008 0.000592 0.000012 0.000040 0.000031 0.062408 0.044679 0.013706 0.062429 0.163105 0.038363 0.011195 0.001673 0.000698 0.000025 0.001266 0.000066
0.001040 0.001807 0.446437 0.004585 0.004691 0.500820 0.000154 0.000001 0.000059 0.000589 0.000919 0.014697 0.000001 0.000003 0.000044 0.000656 0.000033 0.021056 0.000152 0.000012 0.002210 0.000013 0.000001 0.000023
0.004532 0.004005 0.986660 0.000030 0.000338 0.001458 0.000150 0.000000 0.000008 0.000126 0.000039 0.001654 0.000005 0.000001 0.000073 0.000011 0.000001 0.000189 0.000049 0.000027 0.000644 0.000001 0.000000 0.000001
0.000283 0.000036 0.000551 0.000471 0.000141 0.000137 0.001039 0.001001 0.005600 0.002659 0.000861 0.000230 0.000688 0.000155 0.001348 0.000484 0.000104 0.001299 0.171606 0.026707 0.776063 0.007737 0.000010 0.000792
0.867960 0.039506 0.086894 0.002815 0.000015 0.000106 0.000025 0.000002 0.000074 0.000015 0.000003 0.000009 0.001678 0.000013 0.000037 0.000088 0.000024 0.000059 0.000435 0.000054 0.000186 0.000000 0.000001 0.000000
0.001342 0.002286 0.194617 0.003984 0.014764 0.753375 0.000009 0.000000 0.000020 0.000040 0.000069 0.001099 0.000000 0.000005 0.000158 0.000773 0.000055 0.027223 0.000020 0.000002 0.000151 0.000001 0.000001 0.000006
0.023239 0.015033 0.554023 0.015378 0.004108 0.237224 0.000160 0.000001 0.001308 0.002199 0.001217 0.050732 0.001361 0.000637 0.022426 0.001613 0.000838 0.022608 0.007914 0.001161 0.035338 0.000037 0.000002 0.001444
0.005427 0.000409 0.028814 0.000752 0.000119 0.002766 0.000163 0.000008 0.001431 0.017455 0.000033 0.008152 0.000866 0.000742 0.001712 0.000240 0.000052 0.001153 0.103591 0.008854 0.816272 0.000873 0.000002 0.000115
0.011511 0.006300 0.003386 0.006304 0.003734 0.003008 0.000001 0.000001 0.000286 0.000107 0.000038 0.000384 0.000279 0.001908 0.003413 0.278401 0.066001 0.609468 0.001417 0.000192 0.002850 0.000061 0.000036 0.000913
0.000608 0.000545 0.313421 0.001608 0.001116 0.453531 0.000336 0.000001 0.000615 0.004131 0.000366 0.137261 0.000016 0.000053 0.003304 0.000512 0.000027 0.007733 0.002617 0.000112 0.071785 0.000081 0.000001 0.000219
0.003558 0.001368 0.653488 0.004429 0.001133 0.082518 0.000478 0.000006 0.000035 0.152148 0.005504 0.094005 0.000001 0.000001 0.000063 0.000196 0.000001 0.000655 0.000040 0.000017 0.000318 0.000011 0.000000 0.000028
0.307301 0.110062 0.567022 0.000418 0.000030 0.000163 0.000004 0.000000 0.000014 0.000143 0.000007 0.000252 0.000114 0.000137 0.000051 0.010202 0.000334 0.003440 0.000054 0.000004 0.000242 0.000000 0.000003 0.000001
0.000093 0.000074 0.013143 0.006228 0.000925 0.764041 0.000031 0.000003 0.000727 0.014051 0.010082 0.068356 0.000002 0.000004 0.004253 0.001077 0.000087 0.086413 0.000180 0.000020 0.026244 0.000731 0.000004 0.003233
0.016621 0.016544 0.953804 0.000563 0.000409 0.009209 0.000026 0.000000 0.000005 0.000616 0.000223 0.001519 0.000001 0.000000 0.000034 0.000058 0.000001 0.000295 0.000005 0.000001 0.000063 0.000001 0.000000 0.000000
0.007985 0.000178 0.001809 0.000127 0.000006 0.000154 0.005606 0.000094 0.983652 0.000009 0.000015 0.000046 0.000011 0.000007 0.000018 0.000001 0.000000 0.000107 0.000025 0.000037 0.000104 0.000005 0.000001 0.000002
0.018647 0.260842 0.274717 0.000093 0.000054 0.000793 0.000035 0.000009 0.005273 0.000010 0.000031 0.000325 0.000979 0.002134 0.029760 0.004729 0.028298 0.372606 0.000021 0.000073 0.000063 0.000000 0.000370 0.000136
0.003418 0.000116 0.004768 0.000115 0.000028 0.000014 0.000241 0.000112 0.001311 0.002346 0.000165 0.002771 0.001736 0.000812 0.002019 0.000048 0.000104 0.000088 0.048229 0.081197 0.849709 0.000490 0.000052 0.000107
0.001792 0.000078 0.000299 0.769480 0.015276 0.209127 0.000001 0.000000 0.000007 0.000227 0.000088 0.000204 0.000009 0.000005 0.000013 0.000510 0.000152 0.000294 0.001094 0.000088 0.001191 0.000041 0.000002 0.000023
0.000849 0.000689 0.019641 0.012962 0.043793 0.819505 0.000006 0.000000 0.000028 0.000078 0.000529 0.005376 0.000003 0.000019 0.000399 0.001598 0.000603 0.091629 0.000037 0.000006 0.002083 0.000038 0.000014 0.000116
0.856144 0.020944 0.082085 0.035859 0.002920 0.001204 0.000006 0.000001 0.000005 0.000128 0.000015 0.000034 0.000039 0.000002 0.000009 0.000255 0.000012 0.000105 0.000073 0.000020 0.000136 0.000001 0.000001 0.000000
0.006853 0.002466 0.298066 0.028143 0.010941 0.529493 0.000211 0.000006 0.000502 0.009013 0.000897 0.023206 0.000227 0.000059 0.006402 0.000543 0.000149 0.005014 0.007036 0.000751 0.069193 0.000145 0.000005 0.000679
0.034890 0.001956 0.417566 0.082361 0.004618 0.389705 0.000109 0.000007 0.000160 0.030346 0.001694 0.017771 0.000008 0.000001 0.000090 0.000314 0.000010 0.003215 0.000258 0.000130 0.014652 0.000106 0.000004 0.000027
0.002010 0.005186 0.000678 0.005422 0.014375 0.003814 0.000005 0.000293 0.004469 0.000358 0.003685 0.000504 0.018780 0.143044 0.076846 0.107499 0.472179 0.094574 0.000083 0.001324 0.000925 0.001078 0.041118 0.001751
0.021801 0.007749 0.005006 0.007624 0.007994 0.004703 0.000030 0.000011 0.003134 0.001470 0.001652 0.008362 0.015806 0.032211 0.008852 0.179000 0.328223 0.324576 0.005131 0.011777 0.013275 0.004348 0.002219 0.005047
0.000249 0.000037 0.001807 0.000080 0.000033 0.000163 0.000008 0.000010 0.000154 0.000278 0.000040 0.000967 0.002174 0.000543 0.001700 0.000407 0.000820 0.001055 0.025998 0.009898 0.950090 0.003170 0.000047 0.000273
0.000134 0.000006 0.003384 0.000134 0.000013 0.000733 0.000125 0.000006 0.000233 0.019411 0.000272 0.027495 0.000079 0.000086 0.000289 0.000012 0.000005 0.000019 0.004102 0.002481 0.940005 0.000938 0.000002 0.000034
0.000042 0.000001 0.000020 0.000007 0.000000 0.000030 0.001146 0.000195 0.990748 0.000037 0.000029 0.000121 0.000032 0.000067 0.000027 0.000000 0.000000 0.000005 0.000152 0.001066 0.006162 0.000100 0.000003 0.000006
0.006353 0.001062 0.007989 0.073418 0.042125 0.258116 0.000038 0.000000 0.000796 0.000880 0.000639 0.006279 0.000123 0.000340 0.000228 0.457122 0.012326 0.109205 0.001062 0.000145 0.018488 0.000359 0.000236 0.002668
0.009619 0.002079 0.000528 0.002417 0.013663 0.003446 0.000001 0.000000 0.000049 0.000007 0.000038 0.000120 0.000016 0.000071 0.000101 0.155103 0.003021 0.808664 0.000011 0.000028 0.000258 0.000055 0.000110 0.000596
0.000120 0.000004 0.000036 0.000252 0.000690 0.000578 0.002593 0.000856 0.992606 0.000001 0.000048 0.000059 0.000061 0.000003 0.000187 0.000003 0.000004 0.000388 0.000010 0.000040 0.000626 0.000313 0.000073 0.000447
0.000109 0.000012 0.000080 0.000447 0.001452 0.000663 0.001514 0.001214 0.989794 0.000004 0.000053 0.000042 0.000091 0.000003 0.000114 0.000064 0.000013 0.002343 0.000038 0.000088 0.000500 0.000331 0.000086 0.000945
0.420439 0.009841 0.110659 0.260533 0.002693 0.013357 0.008400 0.000548 0.028943 0.000529 0.000221 0.000275 0.122613 0.000059 0.001792 0.000227 0.000915 0.000958 0.010515 0.000734 0.004528 0.000064 0.000770 0.000390
0.001933 0.000101 0.010227 0.000088 0.000020 0.000423 0.063078 0.001175 0.902610 0.000035 0.000482 0.001958 0.004260 0.000024 0.011120 0.000004 0.000017 0.000179 0.000046 0.000180 0.000548 0.000015 0.000181 0.001295
0.097587 0.000854 0.374543 0.006823 0.000281 0.001803 0.001197 0.000038 0.002266 0.002755 0.000037 0.001063 0.002114 0.000009 0.000827 0.000670 0.000061 0.001440 0.112240 0.002575 0.390282 0.000113 0.000012 0.000409
0.000010 0.000000 0.000185 0.000026 0.000003 0.000518 0.000022 0.000049 0.000139 0.011655 0.001810 0.970718 0.000006 0.000002 0.010914 0.000002 0.000000 0.000092 0.000007 0.000026 0.002676 0.000029 0.000002 0.001108
0.000059 0.000001 0.000056 0.000230 0.000004 0.000321 0.010573 0.008894 0.950545 0.000862 0.003315 0.012147 0.000118 0.000098 0.003424 0.000000 0.000001 0.000043 0.000412 0.001367 0.005760 0.000224 0.000034 0.001512
0.008065 0.001558 0.002197 0.315137 0.055454 0.098159 0.000059 0.000006 0.000919 0.000704 0.000195 0.000677 0.000141 0.000152 0.000631 0.216143 0.026605 0.248692 0.001023 0.000108 0.013366 0.000358 0.001022 0.008629
0.000050 0.000003 0.000335 0.000039 0.000476 0.000473 0.000064 0.000810 0.015136 0.000114 0.079831 0.083274 0.002303 0.001123 0.696845 0.000028 0.000006 0.007775 0.000001 0.000248 0.002251 0.000546 0.000839 0.107431
0.000022 0.000000 0.000197 0.000060 0.000160 0.003464 0.000463 0.000046 0.001666 0.002402 0.000994 0.988940 0.000000 0.000002 0.000066 0.000004 0.000000 0.000165 0.000001 0.000001 0.000968 0.000098 0.000000 0.000282
0.006911 0.000450 0.006454 0.003140 0.001542 0.000281 0.000322 0.000391 0.001860 0.005419 0.000082 0.000104 0.005574 0.000142 0.007508 0.042989 0.000765 0.024986 0.564863 0.009160 0.306097 0.006008 0.000056 0.004895
0.309292 0.003777 0.109857 0.365830 0.009019 0.040294 0.000163 0.000010 0.001078 0.008642 0.000207 0.003365 0.000518 0.000055 0.003574 0.010303 0.000271 0.019838 0.058078 0.001315 0.053520 0.000208 0.000010 0.000778
0.001480 0.002362 0.027382 0.007942 0.198559 0.177917 0.000005 0.000000 0.000040 0.000105 0.000306 0.001952 0.000001 0.000020 0.000796 0.016993 0.002049 0.560305 0.000065 0.000008 0.001366 0.000034 0.000020 0.000293
0.366301 0.022401 0.602661 0.002389 0.000567 0.000621 0.000005 0.000000 0.000033 0.000421 0.000015 0.000720 0.000056 0.000013 0.000248 0.001651 0.000054 0.000881 0.000075 0.000040 0.000841 0.000001 0.000001 0.000004
0.806281 0.009352 0.162366 0.017032 0.002239 0.000348 0.000012 0.000001 0.000013 0.000364 0.000005 0.000017 0.000007 0.000001 0.000015 0.000855 0.000009 0.000174 0.000277 0.000045 0.000584 0.000002 0.000001 0.000000
0.001078 0.000103 0.011096 0.000383 0.000284 0.000475 0.000090 0.000179 0.001066 0.195532 0.003115 0.116516 0.001083 0.000276 0.013205 0.000543 0.000103 0.004426 0.012774 0.004191 0.608326 0.005374 0.000011 0.019771
0.005924 0.005686 0.000656 0.001612 0.003942 0.000059 0.000609 0.005161 0.010366 0.001268 0.000457 0.000029 0.321305 0.042828 0.312545 0.002632 0.019348 0.000512 0.100017 0.108784 0.040144 0.004949 0.010395 0.000772
0.655636 0.038578 0.283343 0.011761 0.002485 0.000244 0.000450 0.000005 0.000166 0.000023 0.000018 0.000020 0.000551 0.000086 0.000396 0.000243 0.000091 0.000139 0.003098 0.001827 0.000806 0.000008 0.000024 0.000001
0.018744 0.003969 0.545832 0.063131 0.018140 0.082030 0.001185 0.000001 0.000978 0.006738 0.002125 0.039978 0.000647 0.000364 0.016845 0.005302 0.000965 0.040241 0.055406 0.002142 0.092146 0.000233 0.000009 0.002850
0.000009 0.000003 0.000570 0.000031 0.000123 0.000557 0.000314 0.000769 0.001525 0.009963 0.327731 0.342954 0.000121 0.000600 0.282949 0.000021 0.000011 0.000769 0.000048 0.000961 0.004316 0.001007 0.000035 0.024613
0.047056 0.002133 0.893745 0.000009 0.000015 0.000193 0.000275 0.000005 0.001453 0.000182 0.000176 0.015428 0.000418 0.000428 0.034492 0.000097 0.000018 0.003406 0.000001 0.000008 0.000433 0.000005 0.000017 0.000006
0.008361 0.000097 0.001442 0.002956 0.000857 0.001067 0.000037 0.000003 0.000064 0.002238 0.000152 0.000508 0.000578 0.000665 0.000383 0.000605 0.000090 0.001948 0.294943 0.012951 0.666373 0.003573 0.000005 0.000104
0.006017 0.000556 0.225874 0.002677 0.001588 0.151633 0.000506 0.000002 0.000696 0.038605 0.002134 0.498839 0.000057 0.000255 0.007344 0.000219 0.000020 0.004395 0.001741 0.000823 0.055373 0.000343 0.000001 0.000303
0.000294 0.000918 0.002204 0.000087 0.000898 0.001848 0.000000 0.000000 0.000035 0.000013 0.000087 0.000071 0.000000 0.000051 0.000388 0.022435 0.005416 0.965154 0.000002 0.000005 0.000035 0.000007 0.000016 0.000035
0.004153 0.001057 0.977567 0.000170 0.000232 0.004308 0.000069 0.000000 0.000087 0.000439 0.000238 0.008233 0.000024 0.000006 0.002301 0.000026 0.000001 0.000875 0.000015 0.000011 0.000174 0.000001 0.000000 0.000013
0.002677 0.001836 0.165410 0.000136 0.000505 0.016972 0.000205 0.000003 0.000521 0.000722 0.000492 0.041415 0.001473 0.000143 0.765144 0.000056 0.000007 0.000777 0.000054 0.000004 0.001147 0.000009 0.000002 0.000290
0.114383 0.048033 0.832323 0.000946 0.000474 0.001336 0.000024 0.000000 0.000009 0.000097 0.000011 0.000102 0.000002 0.000002 0.000045 0.000336 0.000017 0.001756 0.000009 0.000002 0.000093 0.000000 0.000000 0.000000
0.179385 0.010291 0.311608 0.209028 0.004553 0.100163 0.000118 0.000001 0.001890 0.005028 0.000394 0.010919 0.001175 0.000604 0.008292 0.004831 0.000642 0.034265 0.031454 0.003250 0.081113 0.000191 0.000002 0.000803
0.002526 0.002271 0.312584 0.003536 0.009889 0.233819 0.000043 0.000000 0.000117 0.000055 0.000309 0.007089 0.000003 0.000053 0.002321 0.003306 0.000299 0.420150 0.000058 0.000005 0.001416 0.000009 0.000005 0.000137
0.003696 0.001227 0.991754 0.000023 0.000014 0.000588 0.000009 0.000000 0.000012 0.000043 0.000031 0.001237 0.000001 0.000001 0.000140 0.000026 0.000001 0.001170 0.000001 0.000000 0.000026 0.000000 0.000000 0.000001
0.000334 0.000005 0.000349 0.000100 0.000015 0.000042 0.000078 0.004388 0.005474 0.011794 0.006579 0.006578 0.002141 0.002456 0.045772 0.000010 0.000132 0.000077 0.008203 0.357114 0.540345 0.006694 0.000058 0.001260
0.168027 0.000680 0.003422 0.754709 0.001813 0.054730 0.000011 0.000002 0.000092 0.000271 0.000035 0.000138 0.000110 0.000053 0.000110 0.000040 0.000249 0.000347 0.005981 0.000912 0.008223 0.000037 0.000006 0.000003
0.509910 0.194057 0.173590 0.006385 0.000481 0.000103 0.000005 0.000001 0.000080 0.000025 0.000004 0.000009 0.000224 0.000169 0.000108 0.045252 0.033276 0.034759 0.000676 0.000140 0.000732 0.000002 0.000006 0.000004
0.000133 0.000029 0.002435 0.000002 0.000001 0.000094 0.000686 0.000013 0.995450 0.000000 0.000006 0.000009 0.000007 0.000000 0.000357 0.000000 0.000001 0.000727 0.000001 0.000000 0.000024 0.000000 0.000001 0.000023
0.008009 0.004522 0.091112 0.003817 0.002244 0.171235 0.000078 0.000000 0.011057 0.001679 0.000927 0.085670 0.000170 0.000067 0.016935 0.006347 0.001812 0.553783 0.000799 0.000010 0.031901 0.000285 0.000021 0.007520
0.037270 0.004581 0.003250 0.125411 0.101271 0.118921 0.000001 0.000003 0.002107 0.002910 0.002292 0.005390 0.000307 0.001901 0.014714 0.113581 0.064507 0.352944 0.006717 0.002558 0.011832 0.003671 0.000149 0.023710
0.902857 0.027554 0.065795 0.001211 0.000593 0.000189 0.000043 0.000007 0.000064 0.000131 0.000060 0.000126 0.000052 0.000021 0.000061 0.000840 0.000008 0.000162 0.000094 0.000047 0.000078 0.000003 0.000001 0.000001
