0.565488 0.162750 0.224729 0.020217 0.005405 0.011619 0.001820 0.000020 0.000461 0.000230 0.000435 0.000355 0.000931 0.000058 0.000751 0.000926 0.000925 0.001407 0.000349 0.000060 0.000872 0.000059 0.000107 0.000027
0.393052 0.041963 0.545439 0.006211 0.001687 0.006475 0.000200 0.000001 0.000118 0.000250 0.000359 0.001851 0.000115 0.000023 0.000332 0.000161 0.000062 0.000894 0.000188 0.000135 0.000468 0.000009 0.000004 0.000005
0.705816 0.020793 0.225139 0.027582 0.002505 0.007390 0.000055 0.000000 0.000093 0.000512 0.000098 0.002749 0.000268 0.000065 0.000454 0.001026 0.000131 0.002194 0.000629 0.000329 0.002141 0.000018 0.000003 0.000008
0.792563 0.009169 0.188909 0.001510 0.000448 0.000257 0.000072 0.000001 0.000081 0.000157 0.000022 0.000947 0.000498 0.000088 0.000629 0.000463 0.000040 0.000601 0.000957 0.000581 0.001984 0.000017 0.000001 0.000006
0.000391 0.000063 0.002977 0.000005 0.000011 0.000389 0.096818 0.000633 0.896591 0.000004 0.000109 0.000510 0.000014 0.000003 0.001111 0.000000 0.000001 0.000079 0.000022 0.000028 0.000074 0.000031 0.000002 0.000136
0.000333 0.000155 0.003421 0.000067 0.000247 0.008534 0.000023 0.000012 0.000420 0.004463 0.002338 0.682839 0.000009 0.001280 0.168750 0.002444 0.000483 0.109252 0.000036 0.000127 0.002217 0.000111 0.000044 0.012398
0.000122 0.000007 0.008616 0.000559 0.000231 0.402831 0.000144 0.000002 0.000195 0.006903 0.000079 0.569859 0.000000 0.000001 0.001184 0.000080 0.000002 0.003669 0.000057 0.000002 0.003998 0.000121 0.000001 0.001338
0.462060 0.015127 0.062845 0.323030 0.002440 0.127737 0.000022 0.000003 0.000027 0.003595 0.000026 0.000349 0.000003 0.000001 0.000074 0.000321 0.000051 0.000565 0.000908 0.000021 0.000766 0.000023 0.000002 0.000006
0.000362 0.000014 0.002018 0.000048 0.000002 0.001076 0.001170 0.000774 0.991345 0.000079 0.000107 0.000439 0.000003 0.000006 0.000871 0.000001 0.000005 0.001034 0.000014 0.000059 0.000274 0.000035 0.000005 0.000259
0.000396 0.000008 0.004919 0.001799 0.000140 0.138687 0.000048 0.000007 0.000257 0.097825 0.001672 0.714970 0.000001 0.000003 0.001148 0.000057 0.000002 0.002679 0.000037 0.000012 0.034113 0.000331 0.000003 0.000887
0.000374 0.000029 0.005752 0.009711 0.001531 0.968045 0.000006 0.000000 0.000024 0.001914 0.000203 0.005843 0.000000 0.000001 0.000398 0.000031 0.000006 0.001834 0.000060 0.000005 0.004106 0.000034 0.000000 0.000093
0.162376 0.008368 0.333375 0.024126 0.004134 0.025200 0.000224 0.000010 0.000696 0.006835 0.000225 0.003337 0.002992 0.000996 0.032517 0.003143 0.000700 0.007835 0.116669 0.006302 0.256857 0.000390 0.000007 0.002686
0.041384 0.005871 0.146860 0.054142 0.063210 0.562059 0.000098 0.000001 0.000545 0.001908 0.002844 0.017780 0.000181 0.000171 0.025178 0.002186 0.001097 0.052332 0.001488 0.000150 0.018080 0.000143 0.000016 0.002276
0.001897 0.001043 0.000866 0.001904 0.003412 0.011330 0.000000 0.000001 0.000355 0.000038 0.000101 0.000331 0.000244 0.007577 0.159626 0.087283 0.075222 0.645804 0.000046 0.000018 0.000670 0.000190 0.000375 0.001666
0.397472 0.004958 0.148795 0.034031 0.004453 0.059283 0.000193 0.000004 0.005093 0.008986 0.001560 0.035782 0.005818 0.029721 0.113578 0.023992 0.003564 0.076123 0.016963 0.005913 0.022076 0.000819 0.000009 0.000817
0.041938 0.000913 0.947010 0.000026 0.000061 0.000836 0.000153 0.000000 0.000144 0.000040 0.000047 0.002520 0.000038 0.000022 0.004894 0.000018 0.000001 0.001254 0.000004 0.000004 0.000075 0.000001 0.000000 0.000002
0.000728 0.000029 0.007847 0.007467 0.005792 0.464184 0.000043 0.000000 0.000098 0.013315 0.004895 0.479298 0.000001 0.000014 0.000961 0.000180 0.000006 0.011467 0.000020 0.000003 0.003289 0.000148 0.000001 0.000213
0.021571 0.006631 0.376964 0.013641 0.016471 0.435600 0.000304 0.000000 0.000346 0.002378 0.002630 0.069826 0.000054 0.000055 0.008532 0.000514 0.000103 0.036927 0.000752 0.000063 0.006221 0.000027 0.000001 0.000389
0.000090 0.004319 0.000169 0.000104 0.004089 0.000243 0.000000 0.000000 0.000068 0.000002 0.000057 0.000006 0.000003 0.000330 0.002775 0.022081 0.121358 0.843851 0.000004 0.000061 0.000012 0.000016 0.000162 0.000200
0.040789 0.006455 0.010266 0.209251 0.063117 0.058429 0.000007 0.000001 0.000238 0.000496 0.000474 0.000416 0.000049 0.002515 0.000528 0.131977 0.025738 0.447023 0.001102 0.000407 0.000393 0.000187 0.000035 0.000108
0.012106 0.001154 0.970572 0.000701 0.000108 0.009803 0.000431 0.000001 0.000075 0.000813 0.000036 0.002150 0.000000 0.000000 0.000018 0.000036 0.000000 0.001004 0.000022 0.000003 0.000959 0.000007 0.000000 0.000002
0.000138 0.000098 0.015141 0.017621 0.003899 0.884884 0.000019 0.000000 0.000043 0.000442 0.000505 0.006895 0.000001 0.000006 0.000208 0.002218 0.000074 0.067342 0.000047 0.000001 0.000246 0.000032 0.000001 0.000138
0.000175 0.000006 0.005539 0.000109 0.000019 0.002484 0.000508 0.000002 0.000396 0.003422 0.000457 0.949144 0.000016 0.000089 0.028782 0.000007 0.000000 0.004128 0.000019 0.000030 0.003340 0.000137 0.000001 0.001191
0.004700 0.000514 0.001107 0.000564 0.000131 0.000462 0.000082 0.000029 0.000838 0.001949 0.000478 0.001113 0.028753 0.241783 0.337319 0.004699 0.006168 0.013123 0.115204 0.065920 0.166081 0.005161 0.000060 0.003759
0.046345 0.014164 0.194883 0.017799 0.014650 0.247118 0.000067 0.000000 0.000147 0.000122 0.000444 0.002521 0.000006 0.000537 0.001963 0.008592 0.002364 0.447565 0.000060 0.000016 0.000476 0.000065 0.000073 0.000022
0.839969 0.011867 0.137365 0.003806 0.000343 0.000307 0.000070 0.000001 0.000010 0.000450 0.000002 0.000010 0.000053 0.000011 0.000045 0.000094 0.000002 0.000041 0.003956 0.000189 0.001397 0.000013 0.000000 0.000000
0.012411 0.008462 0.037634 0.002433 0.003449 0.005037 0.000018 0.000003 0.006211 0.000549 0.000401 0.004319 0.013161 0.003279 0.318538 0.094212 0.019808 0.373669 0.017470 0.000942 0.063792 0.001494 0.000035 0.012673
0.023923 0.000317 0.038825 0.016387 0.000537 0.031636 0.000251 0.000002 0.000853 0.017129 0.000057 0.005526 0.000709 0.001343 0.001072 0.003198 0.000166 0.003379 0.303155 0.002228 0.548533 0.000682 0.000001 0.000089
0.942102 0.007172 0.049608 0.000435 0.000059 0.000023 0.000011 0.000000 0.000034 0.000008 0.000001 0.000004 0.000096 0.000003 0.000042 0.000179 0.000003 0.000081 0.000064 0.000007 0.000068 0.000000 0.000000 0.000000
0.004511 0.000891 0.142551 0.000199 0.000020 0.000211 0.005661 0.000423 0.018218 0.004924 0.000120 0.000979 0.002309 0.000060 0.001483 0.001422 0.000062 0.000980 0.189737 0.004689 0.618705 0.000897 0.000002 0.000945
0.000165 0.000213 0.003092 0.000027 0.000073 0.001073 0.000000 0.000000 0.000016 0.000009 0.000037 0.000139 0.000001 0.000002 0.000922 0.015443 0.000197 0.978180 0.000001 0.000000 0.000032 0.000001 0.000002 0.000374
0.559153 0.002986 0.432248 0.000348 0.000091 0.000111 0.000015 0.000000 0.000039 0.000218 0.000004 0.000060 0.000531 0.000037 0.000256 0.000098 0.000003 0.000154 0.000792 0.000135 0.002718 0.000001 0.000000 0.000001
0.035175 0.016158 0.036920 0.000215 0.000083 0.000037 0.000001 0.000000 0.000166 0.000049 0.000008 0.000094 0.000148 0.000118 0.000624 0.121405 0.005693 0.782049 0.000304 0.000098 0.000526 0.000002 0.000002 0.000124
0.000608 0.000085 0.001329 0.302683 0.013682 0.673857 0.000002 0.000000 0.000022 0.002242 0.000557 0.000579 0.000007 0.000004 0.000136 0.000260 0.000063 0.001379 0.000965 0.000011 0.001420 0.000076 0.000000 0.000031
0.625960 0.011808 0.350027 0.008101 0.000988 0.000769 0.000139 0.000002 0.000069 0.000440 0.000036 0.000037 0.000137 0.000003 0.000061 0.000333 0.000007 0.000190 0.000478 0.000034 0.000376 0.000004 0.000000 0.000000
0.008645 0.000315 0.020031 0.146191 0.012733 0.391740 0.000058 0.000008 0.001367 0.154485 0.006874 0.087935 0.000410 0.000592 0.003431 0.001022 0.000194 0.011300 0.022920 0.003015 0.119836 0.005342 0.000004 0.001551
0.006072 0.000275 0.131311 0.010575 0.000929 0.095933 0.000764 0.000003 0.001258 0.113893 0.002165 0.111900 0.000618 0.000325 0.003928 0.000233 0.000039 0.003288 0.023158 0.005093 0.487389 0.000504 0.000001 0.000347
0.014612 0.014060 0.881856 0.003749 0.000837 0.067141 0.000017 0.000000 0.000067 0.000194 0.000271 0.004432 0.000029 0.000005 0.000934 0.000203 0.000043 0.010843 0.000043 0.000009 0.000635 0.000001 0.000000 0.000016
0.005704 0.000245 0.002626 0.000592 0.000069 0.000140 0.000003 0.000051 0.000613 0.188585 0.001918 0.042391 0.001210 0.003218 0.004621 0.004090 0.000500 0.008616 0.026877 0.140322 0.555913 0.009589 0.000008 0.002100
0.204804 0.550801 0.228015 0.000739 0.000317 0.000077 0.000012 0.000000 0.000009 0.000008 0.000006 0.000016 0.000114 0.000039 0.000017 0.003813 0.000910 0.010194 0.000030 0.000010 0.000064 0.000001 0.000003 0.000001
0.001149 0.002668 0.044389 0.000915 0.003892 0.036865 0.000064 0.000004 0.009189 0.000076 0.007727 0.019346 0.034282 0.111965 0.647372 0.000494 0.022180 0.033150 0.001701 0.000632 0.016013 0.000289 0.000363 0.005276
0.002335 0.000352 0.105119 0.000062 0.000047 0.002104 0.000006 0.000001 0.004303 0.000153 0.000137 0.012287 0.000404 0.000047 0.014747 0.009223 0.000070 0.832037 0.000098 0.000010 0.014898 0.000140 0.000003 0.001420
0.006254 0.006696 0.587859 0.012547 0.004992 0.327919 0.000064 0.000000 0.000194 0.001334 0.002671 0.021496 0.000096 0.000011 0.001634 0.000489 0.000050 0.024206 0.000244 0.000015 0.001073 0.000007 0.000000 0.000149
0.700319 0.006463 0.270918 0.001917 0.000150 0.000113 0.000031 0.000001 0.000145 0.000046 0.000011 0.000064 0.012149 0.000601 0.005320 0.000733 0.000023 0.000295 0.000523 0.000051 0.000123 0.000001 0.000002 0.000002
0.001984 0.000170 0.008598 0.069963 0.019046 0.863728 0.000171 0.000000 0.000195 0.004793 0.000393 0.004262 0.000033 0.000016 0.012151 0.000206 0.000006 0.001197 0.007614 0.000017 0.004952 0.000114 0.000001 0.000391
0.002634 0.000308 0.011896 0.033004 0.005521 0.167399 0.000186 0.000025 0.003507 0.223247 0.063257 0.131097 0.000176 0.000246 0.019634 0.080635 0.000197 0.183480 0.003370 0.000197 0.022360 0.008065 0.000021 0.039539
0.613623 0.294684 0.054299 0.017874 0.005912 0.001384 0.000096 0.000002 0.000095 0.000123 0.000179 0.000040 0.000120 0.000051 0.000068 0.008573 0.000352 0.002397 0.000079 0.000008 0.000025 0.000006 0.000007 0.000002
0.000235 0.001403 0.017515 0.000012 0.000425 0.006251 0.000150 0.000005 0.000898 0.000075 0.001587 0.002408 0.002266 0.004764 0.956637 0.000121 0.000011 0.003163 0.000061 0.000003 0.000923 0.000047 0.000018 0.001023
0.021198 0.001328 0.071358 0.000025 0.000149 0.000275 0.002129 0.012053 0.053462 0.136932 0.025670 0.082887 0.005167 0.000734 0.363908 0.011435 0.000107 0.041850 0.000920 0.001162 0.083545 0.012849 0.000103 0.070753
0.146861 0.026071 0.152147 0.018849 0.002538 0.027389 0.000036 0.000001 0.001618 0.007302 0.000758 0.016953 0.001345 0.001716 0.009194 0.354711 0.006868 0.205775 0.003976 0.000361 0.013819 0.000248 0.000027 0.001437
0.263194 0.025562 0.597654 0.002553 0.000284 0.000629 0.000009 0.000000 0.000259 0.000204 0.000017 0.000995 0.000230 0.000402 0.002229 0.051484 0.000337 0.052614 0.000372 0.000048 0.000889 0.000002 0.000004 0.000028
0.001183 0.001183 0.000430 0.000424 0.000396 0.000055 0.000059 0.000046 0.001111 0.000402 0.000310 0.000016 0.012510 0.071078 0.067862 0.008927 0.248758 0.011595 0.369495 0.153517 0.041184 0.003933 0.000093 0.005430
0.000087 0.000021 0.003828 0.000033 0.000031 0.000794 0.033055 0.016353 0.630920 0.011627 0.061932 0.059896 0.000245 0.001587 0.075551 0.000313 0.000119 0.006512 0.001776 0.003005 0.029813 0.012071 0.000194 0.050237
0.005912 0.000131 0.000226 0.942959 0.005440 0.040618 0.000003 0.000000 0.000007 0.000074 0.000008 0.000007 0.000020 0.000002 0.000016 0.000808 0.000101 0.000103 0.002876 0.000015 0.000655 0.000011 0.000001 0.000009
0.057772 0.000958 0.106955 0.004852 0.000320 0.000468 0.003280 0.000140 0.000633 0.004258 0.000046 0.000100 0.001528 0.000004 0.000246 0.000488 0.000004 0.000080 0.360881 0.006824 0.449483 0.000565 0.000006 0.000105
0.009737 0.004415 0.969797 0.000146 0.000037 0.001650 0.000032 0.000001 0.000012 0.003332 0.000200 0.010143 0.000001 0.000000 0.000197 0.000017 0.000000 0.000106 0.000003 0.000005 0.000154 0.000001 0.000000 0.000015
0.904033 0.006759 0.079004 0.006487 0.000837 0.000247 0.000014 0.000000 0.000033 0.000070 0.000002 0.000014 0.000049 0.000004 0.000079 0.000370 0.000006 0.000124 0.000852 0.000059 0.000951 0.000005 0.000000 0.000001
0.000412 0.000184 0.003704 0.099586 0.029797 0.862939 0.000004 0.000000 0.000006 0.000512 0.000136 0.000421 0.000000 0.000001 0.000022 0.000326 0.000021 0.001071 0.000204 0.000010 0.000589 0.000026 0.000000 0.000029
0.160262 0.022948 0.239906 0.008319 0.003983 0.004236 0.000016 0.000000 0.000795 0.000127 0.000029 0.001640 0.000184 0.000515 0.004276 0.107476 0.007821 0.424322 0.001304 0.000194 0.011127 0.000033 0.000026 0.000462
0.002422 0.001369 0.850755 0.001664 0.001044 0.106063 0.000216 0.000001 0.000182 0.004787 0.000510 0.023461 0.000006 0.000001 0.003160 0.000015 0.000002 0.000632 0.000090 0.000037 0.003471 0.000012 0.000000 0.000101
0.011796 0.011026 0.970652 0.000403 0.000648 0.003685 0.000019 0.000000 0.000010 0.000138 0.000135 0.000867 0.000003 0.000000 0.000117 0.000036 0.000002 0.000423 0.000002 0.000001 0.000033 0.000001 0.000000 0.000002
0.056601 0.002911 0.872759 0.000113 0.000017 0.000011 0.001429 0.000040 0.000273 0.000290 0.000008 0.000037 0.002192 0.000018 0.000309 0.000120 0.000020 0.000061 0.017902 0.004780 0.040067 0.000030 0.000001 0.000009
0.015305 0.011143 0.018123 0.007202 0.001062 0.063772 0.000028 0.000003 0.001623 0.000284 0.000665 0.002103 0.017469 0.024020 0.590988 0.022787 0.090869 0.109421 0.001663 0.000035 0.017802 0.000315 0.000426 0.002894
0.011700 0.002411 0.058698 0.000403 0.000080 0.000161 0.003284 0.000176 0.005689 0.001464 0.000044 0.000120 0.001435 0.000099 0.019080 0.000385 0.000093 0.000196 0.143726 0.025166 0.720356 0.005111 0.000089 0.000032
0.028999 0.000339 0.004752 0.614378 0.004809 0.195372 0.000096 0.000001 0.000157 0.001849 0.000105 0.000274 0.000025 0.000019 0.000276 0.002226 0.000218 0.003889 0.096968 0.000575 0.044314 0.000207 0.000003 0.000146
0.003665 0.002360 0.164261 0.000234 0.000122 0.008101 0.000004 0.000000 0.000362 0.000070 0.000268 0.006660 0.000023 0.000018 0.016038 0.001441 0.000189 0.794240 0.000018 0.000005 0.001451 0.000002 0.000002 0.000462
0.476618 0.007236 0.507047 0.003952 0.000130 0.000509 0.000094 0.000003 0.000238 0.000957 0.000013 0.000065 0.000076 0.000002 0.000039 0.000139 0.000002 0.000171 0.001174 0.000157 0.001373 0.000006 0.000000 0.000000
0.899792 0.028908 0.062217 0.007375 0.000238 0.000411 0.000006 0.000000 0.000025 0.000267 0.000012 0.000032 0.000054 0.000002 0.000008 0.000135 0.000005 0.000079 0.000171 0.000032 0.000228 0.000002 0.000000 0.000000
0.642888 0.037878 0.267580 0.020641 0.001055 0.001838 0.000055 0.000002 0.000785 0.001253 0.000129 0.003708 0.002803 0.000125 0.000935 0.002662 0.000234 0.005824 0.002354 0.000604 0.006598 0.000014 0.000002 0.000034
0.004690 0.000497 0.006841 0.017086 0.011943 0.034298 0.000054 0.000112 0.001542 0.012666 0.007871 0.021919 0.021475 0.017782 0.135827 0.003958 0.004834 0.034005 0.057940 0.007105 0.579206 0.010201 0.000083 0.008064
0.043272 0.019763 0.049941 0.020059 0.017481 0.006867 0.000013 0.000000 0.000096 0.000148 0.000045 0.000356 0.000153 0.001102 0.000151 0.380760 0.018089 0.439349 0.000846 0.000166 0.001226 0.000040 0.000026 0.000051
0.000137 0.000081 0.001020 0.146443 0.017354 0.829579 0.000016 0.000000 0.000005 0.000301 0.000645 0.000543 0.000007 0.000003 0.000114 0.000170 0.000016 0.002632 0.000746 0.000004 0.000096 0.000015 0.000000 0.000074
0.080153 0.009945 0.519807 0.006189 0.003338 0.045169 0.000238 0.000001 0.001110 0.001977 0.000635 0.055958 0.015714 0.021327 0.076508 0.027040 0.004424 0.073475 0.018331 0.001164 0.036407 0.000206 0.000013 0.000872
0.000321 0.000069 0.006260 0.007473 0.004024 0.848925 0.000012 0.000000 0.000070 0.004411 0.002398 0.099534 0.000001 0.000014 0.000153 0.000399 0.000015 0.024299 0.000016 0.000002 0.001369 0.000175 0.000001 0.000057
0.000073 0.000004 0.000127 0.000003 0.000006 0.000005 0.000033 0.000097 0.008226 0.000040 0.000881 0.001200 0.050793 0.706247 0.205323 0.001028 0.000135 0.004048 0.000323 0.010906 0.007534 0.000269 0.000200 0.002499
0.000214 0.000007 0.007573 0.000022 0.000002 0.000348 0.000205 0.000001 0.000636 0.009265 0.001553 0.574056 0.000229 0.003533 0.016916 0.000896 0.000017 0.016369 0.001679 0.001692 0.360481 0.001216 0.000015 0.003075
0.235188 0.027641 0.049658 0.461067 0.023171 0.065531 0.000190 0.000006 0.007173 0.004817 0.001495 0.002984 0.002446 0.001198 0.002958 0.059050 0.003098 0.026565 0.012588 0.001717 0.008467 0.001549 0.000065 0.001377
0.000048 0.000008 0.002046 0.000029 0.000079 0.005939 0.015006 0.000633 0.255229 0.020683 0.008274 0.683784 0.000007 0.000007 0.000314 0.000005 0.000000 0.000418 0.000013 0.000013 0.001532 0.002961 0.000001 0.002972
0.002037 0.000417 0.022675 0.022148 0.000850 0.907532 0.000118 0.000002 0.000170 0.019430 0.000819 0.015625 0.000001 0.000000 0.000196 0.000043 0.000002 0.001403 0.000092 0.000005 0.006266 0.000137 0.000001 0.000032
0.009581 0.006230 0.013345 0.003434 0.001162 0.008992 0.000001 0.000000 0.001158 0.000273 0.000072 0.004180 0.000116 0.000576 0.003154 0.072192 0.011573 0.838895 0.000836 0.000190 0.022454 0.000199 0.000012 0.001375
0.002907 0.000831 0.001177 0.008902 0.002752 0.005455 0.000008 0.000007 0.000365 0.003706 0.000450 0.002015 0.000778 0.004935 0.008249 0.008224 0.004554 0.008305 0.139363 0.016718 0.761682 0.017322 0.000047 0.001247
0.811123 0.015050 0.165581 0.000864 0.000034 0.000113 0.000163 0.000001 0.000043 0.000219 0.000001 0.000053 0.000410 0.000050 0.000217 0.000041 0.000004 0.000032 0.002781 0.000516 0.002679 0.000022 0.000001 0.000000
0.231126 0.055515 0.668761 0.001067 0.000403 0.000284 0.000009 0.000000 0.000116 0.000065 0.000005 0.000382 0.000087 0.000219 0.000884 0.015237 0.000549 0.023386 0.000371 0.000067 0.001450 0.000003 0.000003 0.000008
0.000131 0.000490 0.002232 0.000025 0.000358 0.000414 0.000026 0.000196 0.018030 0.000102 0.003476 0.001925 0.003328 0.016094 0.941655 0.000214 0.002151 0.005410 0.000012 0.000037 0.000124 0.000201 0.000214 0.003154
0.000132 0.000015 0.007836 0.000756 0.001760 0.420323 0.000033 0.000001 0.000154 0.006752 0.000802 0.510938 0.000001 0.000025 0.002808 0.000084 0.000006 0.010458 0.000049 0.000019 0.036214 0.000395 0.000001 0.000440
0.000138 0.000019 0.000471 0.002438 0.000431 0.048115 0.000013 0.000003 0.000197 0.015098 0.010117 0.884971 0.000005 0.000075 0.003596 0.001527 0.000013 0.020337 0.000016 0.000022 0.003136 0.001105 0.000015 0.008140
0.928168 0.018767 0.019663 0.024502 0.003859 0.001002 0.000023 0.000001 0.000010 0.000106 0.000002 0.000012 0.000037 0.000009 0.000032 0.002557 0.000023 0.000461 0.000570 0.000008 0.000181 0.000004 0.000001 0.000000
0.001916 0.000151 0.004484 0.000229 0.000077 0.000170 0.000313 0.000004 0.000228 0.000505 0.000018 0.000194 0.000494 0.000099 0.000520 0.000073 0.000026 0.000342 0.211693 0.016632 0.761508 0.000251 0.000001 0.000074
0.161572 0.010859 0.089667 0.472423 0.010013 0.201527 0.000147 0.000001 0.000643 0.011256 0.000425 0.002802 0.000083 0.000015 0.000743 0.001584 0.000101 0.007764 0.010106 0.000907 0.017234 0.000079 0.000002 0.000046
0.008577 0.001299 0.000827 0.001581 0.019724 0.001032 0.000012 0.000019 0.000520 0.001412 0.000130 0.000477 0.071526 0.100967 0.258918 0.339224 0.003310 0.157361 0.016007 0.001277 0.005040 0.002810 0.000115 0.007836
0.004647 0.001923 0.961096 0.000064 0.000147 0.002385 0.000071 0.000000 0.000197 0.000744 0.000190 0.026247 0.000003 0.000003 0.000333 0.000021 0.000000 0.001045 0.000015 0.000029 0.000818 0.000017 0.000000 0.000004
0.166732 0.378330 0.388141 0.000162 0.000091 0.000031 0.000003 0.000000 0.000005 0.000064 0.000002 0.000042 0.000010 0.000034 0.000018 0.052107 0.000738 0.013401 0.000027 0.000004 0.000056 0.000001 0.000002 0.000000
0.003277 0.240738 0.704584 0.000139 0.001388 0.001542 0.000013 0.000001 0.000079 0.000026 0.000469 0.000128 0.000015 0.000201 0.000530 0.001201 0.002777 0.042768 0.000009 0.000040 0.000051 0.000001 0.000018 0.000006
0.087400 0.013804 0.655975 0.000354 0.000164 0.000118 0.000670 0.000374 0.017619 0.001814 0.000761 0.000270 0.061410 0.002979 0.134006 0.006330 0.000958 0.004234 0.003431 0.002562 0.004322 0.000144 0.000033 0.000266
0.000044 0.000009 0.000070 0.000002 0.000002 0.000003 0.000002 0.000008 0.000119 0.000011 0.000008 0.000003 0.009973 0.001977 0.984981 0.000151 0.000122 0.000109 0.000488 0.000048 0.001490 0.000025 0.000046 0.000307
0.256562 0.361166 0.375744 0.001411 0.000897 0.000335 0.000037 0.000002 0.000006 0.000018 0.000006 0.000008 0.000043 0.000034 0.000152 0.002328 0.000229 0.000118 0.000308 0.000076 0.000499 0.000001 0.000020 0.000000
0.025997 0.194663 0.144007 0.000209 0.001113 0.000052 0.000014 0.000068 0.000490 0.000064 0.000128 0.000012 0.000112 0.000069 0.001701 0.271423 0.023248 0.335676 0.000155 0.000392 0.000093 0.000007 0.000109 0.000199
0.001302 0.001175 0.000965 0.000784 0.001010 0.000205 0.000000 0.000002 0.000461 0.000014 0.000227 0.000067 0.000384 0.001483 0.005486 0.035775 0.117641 0.829642 0.000201 0.000337 0.000701 0.000115 0.000169 0.001854
0.002150 0.000275 0.005320 0.005591 0.005396 0.060499 0.000010 0.000012 0.001911 0.006680 0.009981 0.052036 0.001766 0.009029 0.428161 0.028742 0.004094 0.292261 0.004435 0.000116 0.027286 0.001130 0.000729 0.052389
0.002818 0.000514 0.002902 0.004917 0.002767 0.003056 0.000152 0.000828 0.001624 0.003056 0.000166 0.000195 0.002378 0.003512 0.004723 0.065061 0.010385 0.036099 0.313095 0.002871 0.526193 0.009849 0.000365 0.002473
0.012738 0.001375 0.404279 0.013162 0.001892 0.556256 0.000044 0.000002 0.000009 0.002751 0.000879 0.005202 0.000001 0.000000 0.000082 0.000128 0.000003 0.000755 0.000040 0.000002 0.000386 0.000002 0.000001 0.000009
0.083912 0.102960 0.246785 0.007798 0.001779 0.022243 0.000004 0.000002 0.003669 0.000261 0.000295 0.000958 0.084213 0.027714 0.284892 0.027141 0.015271 0.085670 0.001212 0.000013 0.002692 0.000018 0.000236 0.000263
0.071656 0.001938 0.922843 0.000097 0.000012 0.000073 0.000025 0.000001 0.000078 0.000143 0.000002 0.000044 0.000008 0.000002 0.000016 0.000631 0.000006 0.000352 0.000612 0.000046 0.001413 0.000001 0.000000 0.000000
0.128222 0.066709 0.800210 0.000282 0.000044 0.000544 0.000007 0.000000 0.000006 0.000032 0.000010 0.000078 0.000002 0.000001 0.000018 0.000523 0.000012 0.003276 0.000005 0.000000 0.000016 0.000000 0.000000 0.000000
0.005248 0.002850 0.976328 0.000494 0.000252 0.007621 0.000021 0.000000 0.000029 0.000162 0.000053 0.002113 0.000003 0.000002 0.000225 0.000313 0.000004 0.004167 0.000014 0.000001 0.000095 0.000001 0.000000 0.000003
0.000100 0.000015 0.002214 0.000002 0.000004 0.000136 0.012689 0.000018 0.984269 0.000000 0.000007 0.000061 0.000002 0.000001 0.000236 0.000000 0.000000 0.000219 0.000003 0.000002 0.000014 0.000001 0.000000 0.000006
0.215635 0.008349 0.130954 0.270188 0.004131 0.200348 0.000081 0.000003 0.003232 0.004741 0.000550 0.008587 0.001612 0.000103 0.001742 0.011430 0.000617 0.055606 0.015753 0.000722 0.063018 0.000114 0.000005 0.002479
0.402118 0.005462 0.018755 0.031065 0.003698 0.002582 0.000296 0.000010 0.000321 0.000797 0.000015 0.000067 0.136785 0.001427 0.017215 0.001104 0.000068 0.000538 0.354507 0.001050 0.021955 0.000027 0.000006 0.000130
0.066908 0.000728 0.003401 0.728946 0.023059 0.131618 0.000035 0.000003 0.000069 0.001042 0.000047 0.000065 0.000032 0.000005 0.000031 0.000902 0.000038 0.001544 0.025814 0.000596 0.014988 0.000089 0.000001 0.000040
0.002555 0.001210 0.018002 0.019939 0.030412 0.889868 0.000010 0.000000 0.000019 0.000086 0.000745 0.003065 0.000002 0.000004 0.000188 0.000599 0.000073 0.032519 0.000030 0.000004 0.000515 0.000006 0.000002 0.000145
0.048785 0.003852 0.776487 0.007241 0.001359 0.149941 0.000062 0.000001 0.000071 0.002863 0.000183 0.002170 0.000016 0.000001 0.001916 0.000019 0.000001 0.000470 0.000279 0.000046 0.004205 0.000004 0.000000 0.000029
0.576094 0.030427 0.114285 0.031781 0.004637 0.008365 0.000021 0.000001 0.001206 0.000739 0.000096 0.001587 0.004189 0.000542 0.011563 0.054232 0.004670 0.131270 0.003889 0.000421 0.017831 0.000029 0.000022 0.002105
0.000003 0.000003 0.000168 0.000000 0.000000 0.000008 0.001330 0.000296 0.995057 0.000001 0.000054 0.000153 0.000002 0.000000 0.001215 0.000000 0.000001 0.000249 0.000000 0.000005 0.000018 0.000005 0.000000 0.001432
0.004167 0.007742 0.934959 0.000444 0.000340 0.043113 0.000032 0.000002 0.000107 0.000027 0.000163 0.000568 0.000002 0.000001 0.000155 0.000137 0.000045 0.007887 0.000002 0.000001 0.000044 0.000001 0.000004 0.000060
0.034109 0.009693 0.925893 0.002254 0.002650 0.020182 0.000045 0.000002 0.000052 0.000665 0.000140 0.002143 0.000067 0.000003 0.000267 0.000074 0.000006 0.000382 0.000095 0.000056 0.001190 0.000009 0.000000 0.000021
0.000219 0.000123 0.009988 0.000005 0.000121 0.000442 0.017504 0.028827 0.089382 0.001731 0.021914 0.300615 0.001165 0.000170 0.058691 0.000002 0.000031 0.000920 0.000436 0.010560 0.424213 0.002726 0.000023 0.030194
0.032442 0.004856 0.703772 0.009923 0.001108 0.212458 0.000367 0.000013 0.000376 0.007752 0.000283 0.008033 0.000007 0.000000 0.000502 0.000021 0.000002 0.000797 0.000561 0.000078 0.016515 0.000084 0.000000 0.000050
0.069168 0.036901 0.006038 0.023647 0.004083 0.101882 0.000004 0.000011 0.002347 0.000350 0.000135 0.000881 0.022828 0.107013 0.107191 0.090264 0.152108 0.260913 0.002084 0.000143 0.008203 0.000762 0.001006 0.002036
0.001138 0.000146 0.024821 0.003651 0.010227 0.257538 0.000230 0.000015 0.000451 0.084820 0.022063 0.552197 0.000001 0.000031 0.003217 0.001894 0.000006 0.033900 0.000017 0.000012 0.001534 0.000931 0.000006 0.001155
0.170681 0.010261 0.093625 0.003461 0.001723 0.009917 0.000048 0.000002 0.003912 0.006230 0.000338 0.057529 0.001566 0.024184 0.176583 0.027923 0.006824 0.242083 0.009175 0.002639 0.146679 0.001813 0.000024 0.002780
0.001472 0.009641 0.038905 0.001337 0.018808 0.049126 0.000017 0.000000 0.000017 0.000063 0.000071 0.000843 0.000001 0.000062 0.000575 0.022333 0.001933 0.854605 0.000021 0.000002 0.000081 0.000007 0.000006 0.000075
0.329224 0.014675 0.082409 0.157857 0.020618 0.065171 0.000487 0.000005 0.000977 0.008989 0.000212 0.000744 0.001826 0.002371 0.004140 0.003781 0.000419 0.009722 0.194974 0.015062 0.085414 0.000751 0.000004 0.000167
0.008289 0.004008 0.104281 0.010666 0.003960 0.382877 0.000166 0.000000 0.000684 0.005257 0.003317 0.082201 0.000443 0.000263 0.291347 0.000496 0.000141 0.095517 0.000478 0.000029 0.003826 0.000057 0.000007 0.001689
0.181017 0.124812 0.687849 0.000816 0.002064 0.000880 0.000024 0.000000 0.000011 0.000134 0.000062 0.000262 0.000016 0.000011 0.000098 0.000632 0.000023 0.001169 0.000020 0.000016 0.000079 0.000002 0.000001 0.000001
0.573079 0.011102 0.407081 0.002472 0.002062 0.001611 0.000134 0.000001 0.000037 0.000335 0.000014 0.000116 0.000010 0.000005 0.000183 0.000157 0.000002 0.000528 0.000342 0.000085 0.000636 0.000010 0.000000 0.000001
0.576299 0.051937 0.297964 0.012453 0.003780 0.007726 0.000062 0.000000 0.000543 0.000619 0.000061 0.005055 0.001026 0.000803 0.004386 0.004468 0.000296 0.018055 0.004072 0.001080 0.009198 0.000039 0.000002 0.000076
0.000419 0.000032 0.000525 0.000037 0.000003 0.000022 0.000026 0.000005 0.000659 0.000183 0.000007 0.000104 0.000266 0.000020 0.003444 0.000012 0.000013 0.000289 0.021742 0.002955 0.968810 0.000321 0.000000 0.000105
0.000035 0.000012 0.002645 0.009794 0.000659 0.983664 0.000002 0.000000 0.000007 0.000354 0.000123 0.000884 0.000000 0.000000 0.000023 0.000025 0.000001 0.001627 0.000007 0.000000 0.000117 0.000004 0.000000 0.000017
0.175376 0.384821 0.432830 0.001899 0.001258 0.001731 0.000004 0.000000 0.000009 0.000152 0.000052 0.000095 0.000016 0.000004 0.000031 0.000597 0.000046 0.001039 0.000009 0.000003 0.000022 0.000001 0.000002 0.000001
0.045159 0.017138 0.835264 0.005852 0.000488 0.024207 0.000035 0.000000 0.000382 0.000459 0.000067 0.010902 0.001207 0.001285 0.022635 0.004846 0.001240 0.018106 0.002330 0.000148 0.008082 0.000006 0.000003 0.000159
0.162051 0.026800 0.804346 0.000996 0.000126 0.000833 0.000012 0.000000 0.000054 0.000348 0.000013 0.000622 0.000069 0.000019 0.000200 0.000931 0.000044 0.000732 0.000326 0.000174 0.001288 0.000008 0.000000 0.000008
0.067247 0.035153 0.434770 0.024845 0.004031 0.061731 0.000083 0.000000 0.001517 0.001107 0.000319 0.016273 0.001095 0.002068 0.014343 0.036078 0.018939 0.228166 0.007363 0.000408 0.042962 0.000048 0.000015 0.001438
0.036103 0.148799 0.051102 0.000048 0.000096 0.000019 0.000003 0.000002 0.000182 0.000016 0.000013 0.000042 0.000213 0.000165 0.005723 0.086709 0.017080 0.653213 0.000040 0.000086 0.000096 0.000004 0.000018 0.000230
0.000091 0.000012 0.001685 0.024432 0.000747 0.968423 0.000005 0.000000 0.000015 0.000672 0.000093 0.001351 0.000000 0.000000 0.000021 0.000017 0.000001 0.001891 0.000019 0.000001 0.000503 0.000010 0.000000 0.000009
0.038905 0.225838 0.327360 0.000903 0.000956 0.000361 0.000003 0.000000 0.000020 0.000089 0.000006 0.000121 0.000010 0.000129 0.000082 0.236058 0.010499 0.158497 0.000035 0.000011 0.000089 0.000004 0.000009 0.000012
0.000148 0.000044 0.006961 0.001874 0.000564 0.024096 0.000053 0.000012 0.000641 0.144452 0.036894 0.738969 0.000041 0.000246 0.008721 0.000088 0.000037 0.002814 0.000560 0.000582 0.015346 0.005437 0.000004 0.011413
0.056263 0.051605 0.887723 0.000323 0.000242 0.001904 0.000012 0.000000 0.000011 0.000117 0.000134 0.000732 0.000016 0.000002 0.000110 0.000034 0.000006 0.000708 0.000003 0.000002 0.000049 0.000002 0.000000 0.000001
0.000688 0.000303 0.039091 0.003355 0.001195 0.195079 0.000048 0.000003 0.001029 0.018222 0.014619 0.592390 0.000082 0.000155 0.043898 0.000222 0.000075 0.045812 0.000435 0.000168 0.022677 0.003837 0.000007 0.016608
0.000016 0.000001 0.000006 0.000007 0.000000 0.000003 0.000214 0.000119 0.994008 0.000015 0.000019 0.000061 0.000026 0.000091 0.000161 0.000007 0.000006 0.000295 0.000045 0.003266 0.000914 0.000587 0.000003 0.000127
0.089617 0.003525 0.362436 0.000011 0.000007 0.000010 0.002876 0.000353 0.028848 0.000420 0.000046 0.001251 0.313143 0.005132 0.167262 0.000223 0.000050 0.000260 0.000444 0.003568 0.020167 0.000058 0.000120 0.000173
0.000051 0.000614 0.006071 0.000002 0.000115 0.000731 0.000008 0.000017 0.004018 0.000017 0.001251 0.000750 0.000494 0.000129 0.901346 0.000425 0.000665 0.067494 0.000009 0.000036 0.001911 0.000020 0.000075 0.013749
0.000122 0.002986 0.000457 0.000305 0.016672 0.000948 0.000000 0.000000 0.000006 0.000017 0.000010 0.000028 0.000008 0.000056 0.000169 0.184384 0.019665 0.773711 0.000016 0.000002 0.000022 0.000034 0.000046 0.000335
0.021085 0.005932 0.878538 0.001866 0.000993 0.006521 0.000161 0.000002 0.000541 0.002657 0.001095 0.030409 0.004304 0.002886 0.024466 0.003923 0.000226 0.010865 0.001055 0.000621 0.001655 0.000026 0.000006 0.000167
0.000124 0.000118 0.025625 0.011631 0.002736 0.937813 0.000016 0.000000 0.000022 0.000760 0.000751 0.012570 0.000002 0.000001 0.000147 0.000030 0.000005 0.006023 0.000119 0.000006 0.001439 0.000006 0.000000 0.000056
0.004475 0.003297 0.012921 0.000520 0.001124 0.000152 0.000010 0.000003 0.000924 0.000010 0.000036 0.000137 0.004284 0.000835 0.024682 0.162062 0.028250 0.729554 0.005391 0.001800 0.007870 0.000265 0.000045 0.011354
0.000032 0.000007 0.001614 0.000002 0.000019 0.000180 0.088040 0.000048 0.904221 0.000050 0.000075 0.003554 0.000008 0.000011 0.000930 0.000001 0.000001 0.000205 0.000008 0.000025 0.000513 0.000174 0.000002 0.000279
0.002110 0.001451 0.053217 0.000135 0.000697 0.013675 0.000048 0.000001 0.002794 0.002733 0.003150 0.798835 0.000196 0.000099 0.058258 0.000411 0.000023 0.038391 0.000043 0.000130 0.012033 0.000162 0.000021 0.011389
0.000805 0.001682 0.003342 0.000709 0.007331 0.093069 0.000001 0.000001 0.000073 0.000160 0.000315 0.003254 0.000050 0.000148 0.035079 0.049709 0.000497 0.798084 0.000007 0.000000 0.000269 0.000025 0.000050 0.005341
0.000134 0.000005 0.000010 0.000285 0.000036 0.000416 0.000045 0.000040 0.997673 0.000000 0.000007 0.000004 0.000214 0.000012 0.000235 0.000011 0.000006 0.000654 0.000005 0.000001 0.000045 0.000011 0.000022 0.000129
0.722831 0.015014 0.177546 0.000087 0.000006 0.000009 0.003268 0.000110 0.033338 0.000036 0.000003 0.000325 0.000304 0.000046 0.000054 0.010937 0.000137 0.032819 0.000329 0.000061 0.002678 0.000005 0.000009 0.000048
0.005026 0.000981 0.055368 0.000650 0.000735 0.002192 0.000476 0.000007 0.012912 0.001084 0.000599 0.036790 0.015108 0.002531 0.086000 0.054510 0.002649 0.582776 0.010901 0.000992 0.119213 0.000616 0.000087 0.007798
0.277006 0.059676 0.659323 0.000352 0.000237 0.000144 0.000055 0.000000 0.000025 0.000021 0.000020 0.000077 0.000693 0.000018 0.000126 0.001349 0.000015 0.000538 0.000112 0.000013 0.000198 0.000001 0.000002 0.000002
0.000131 0.000020 0.007636 0.013771 0.001677 0.893388 0.000014 0.000000 0.000048 0.004398 0.002123 0.063648 0.000001 0.000002 0.000287 0.000067 0.000003 0.009633 0.000047 0.000002 0.002964 0.000025 0.000001 0.000112
0.262770 0.015424 0.659410 0.002894 0.000623 0.002521 0.000063 0.000001 0.000801 0.002264 0.000265 0.013308 0.003366 0.000301 0.004397 0.002545 0.000099 0.011359 0.002959 0.000437 0.014116 0.000028 0.000002 0.000048
0.003591 0.001894 0.402211 0.008376 0.001444 0.346968 0.000222 0.000000 0.000211 0.004434 0.002994 0.192036 0.000061 0.000062 0.014503 0.000129 0.000022 0.015778 0.000753 0.000054 0.003955 0.000019 0.000001 0.000283
0.142706 0.005115 0.199417 0.222841 0.008134 0.123490 0.000181 0.000001 0.000872 0.004632 0.000352 0.011599 0.002631 0.001058 0.011422 0.008674 0.000278 0.028907 0.141623 0.003745 0.081774 0.000101 0.000003 0.000442
0.001483 0.000259 0.006384 0.255907 0.016897 0.703301 0.000012 0.000000 0.000014 0.000638 0.000715 0.001519 0.000010 0.000023 0.000087 0.003301 0.000100 0.005517 0.001762 0.000063 0.001932 0.000022 0.000001 0.000052
0.000010 0.000000 0.000341 0.000023 0.000017 0.001810 0.000623 0.000016 0.000557 0.022842 0.004865 0.966315 0.000002 0.000025 0.000182 0.000001 0.000000 0.000065 0.000010 0.000050 0.001839 0.000291 0.000000 0.000115
0.444222 0.012400 0.536709 0.000824 0.000062 0.001142 0.000162 0.000001 0.000945 0.000043 0.000008 0.000364 0.000019 0.000001 0.000092 0.000049 0.000004 0.002858 0.000005 0.000001 0.000087 0.000001 0.000001 0.000000
0.003705 0.000901 0.002038 0.010386 0.011084 0.011119 0.000010 0.000019 0.000446 0.013961 0.001005 0.002972 0.002487 0.005670 0.009589 0.136121 0.003816 0.069413 0.434387 0.019303 0.245339 0.012561 0.000026 0.003643
0.497361 0.035988 0.458158 0.005201 0.000312 0.001643 0.000015 0.000001 0.000005 0.000404 0.000030 0.000084 0.000024 0.000001 0.000030 0.000136 0.000002 0.000086 0.000208 0.000020 0.000292 0.000001 0.000000 0.000000
0.003646 0.006508 0.003559 0.010112 0.069458 0.007178 0.000011 0.000003 0.000306 0.001048 0.000170 0.000232 0.002592 0.013356 0.003086 0.471522 0.055754 0.271599 0.056441 0.004618 0.017573 0.000302 0.000085 0.000841
0.000047 0.000009 0.002116 0.007172 0.000998 0.982836 0.000002 0.000000 0.000009 0.000125 0.000043 0.003420 0.000000 0.000000 0.000041 0.000012 0.000001 0.002505 0.000013 0.000000 0.000644 0.000003 0.000000 0.000006
0.000104 0.000130 0.005880 0.029773 0.006555 0.939863 0.000004 0.000000 0.000019 0.001341 0.000672 0.003398 0.000001 0.000001 0.000073 0.000900 0.000024 0.010274 0.000311 0.000007 0.000539 0.000020 0.000000 0.000110
0.000020 0.000001 0.000182 0.000050 0.000028 0.001158 0.087813 0.000174 0.905327 0.000142 0.000814 0.001665 0.000008 0.000004 0.000904 0.000001 0.000000 0.000132 0.000132 0.000231 0.000589 0.000212 0.000001 0.000409
0.417982 0.094726 0.480944 0.000623 0.000138 0.000788 0.000198 0.000003 0.000600 0.000018 0.000018 0.000331 0.000184 0.000014 0.000314 0.000244 0.000130 0.002177 0.000053 0.000032 0.000456 0.000003 0.000021 0.000006
0.561743 0.132851 0.257506 0.023032 0.001143 0.008553 0.000406 0.000001 0.002475 0.000312 0.000075 0.001370 0.000233 0.000058 0.000911 0.002161 0.000258 0.003451 0.001168 0.000538 0.001722 0.000016 0.000006 0.000010
0.000648 0.000286 0.002037 0.000021 0.000009 0.000045 0.000080 0.000050 0.003358 0.000269 0.000042 0.000109 0.002206 0.000047 0.006339 0.000055 0.000045 0.000596 0.053594 0.016213 0.912623 0.000673 0.000002 0.000651
0.019310 0.008199 0.602595 0.005203 0.006165 0.306970 0.000011 0.000000 0.000019 0.000080 0.000152 0.001869 0.000001 0.000006 0.000245 0.003214 0.000073 0.045649 0.000010 0.000002 0.000206 0.000002 0.000006 0.000011
0.798889 0.008081 0.186638 0.003018 0.000103 0.000415 0.000023 0.000001 0.000018 0.000479 0.000003 0.000023 0.000022 0.000001 0.000044 0.000080 0.000001 0.000038 0.000622 0.000151 0.001346 0.000003 0.000000 0.000000
0.004841 0.000372 0.293459 0.000026 0.000013 0.000159 0.005722 0.000559 0.001454 0.083359 0.003563 0.148910 0.002969 0.000190 0.073716 0.000015 0.000004 0.000051 0.001801 0.007426 0.371020 0.000144 0.000009 0.000220
0.002348 0.000125 0.006595 0.000054 0.000004 0.000041 0.000113 0.000038 0.004078 0.000795 0.000012 0.000069 0.007132 0.000101 0.365149 0.000229 0.000096 0.000854 0.030470 0.003489 0.577382 0.000165 0.000012 0.000651
0.000646 0.000526 0.023977 0.016602 0.003568 0.945443 0.000006 0.000000 0.000016 0.000238 0.000161 0.002962 0.000000 0.000001 0.000160 0.000178 0.000016 0.004478 0.000093 0.000009 0.000883 0.000004 0.000000 0.000032
0.036477 0.009700 0.393949 0.062593 0.003867 0.387860 0.000138 0.000000 0.000771 0.004172 0.001071 0.027098 0.000390 0.000174 0.018609 0.001597 0.000489 0.015684 0.007076 0.000947 0.026010 0.000033 0.000003 0.001292
0.036359 0.011289 0.663635 0.002299 0.000997 0.045180 0.000083 0.000000 0.000827 0.000455 0.000089 0.035899 0.003460 0.002794 0.128371 0.006411 0.001733 0.033270 0.002199 0.000137 0.023993 0.000009 0.000021 0.000489
0.091240 0.023198 0.882143 0.000268 0.000493 0.000615 0.000009 0.000000 0.000015 0.000053 0.000025 0.000335 0.000014 0.000005 0.000092 0.000532 0.000012 0.000798 0.000011 0.000011 0.000128 0.000000 0.000001 0.000001
0.000058 0.000012 0.036961 0.000028 0.000019 0.007558 0.000279 0.000001 0.000345 0.004638 0.000078 0.947168 0.000000 0.000000 0.000238 0.000009 0.000000 0.000829 0.000004 0.000003 0.001656 0.000011 0.000000 0.000102
0.001132 0.000441 0.001532 0.006698 0.002418 0.003388 0.000002 0.000000 0.000224 0.000040 0.000032 0.000231 0.000121 0.000238 0.000833 0.579175 0.008622 0.388629 0.001928 0.000070 0.000743 0.000034 0.000009 0.003459
0.000349 0.000003 0.001775 0.000231 0.000009 0.000351 0.000179 0.000002 0.000128 0.001515 0.000014 0.005156 0.000105 0.000275 0.000873 0.000043 0.000005 0.000118 0.022717 0.001086 0.964674 0.000373 0.000001 0.000016
0.000119 0.000682 0.000072 0.000407 0.000557 0.000216 0.000000 0.000002 0.000241 0.000002 0.000300 0.000020 0.000860 0.101475 0.014588 0.160272 0.571636 0.141144 0.000473 0.002585 0.002705 0.000071 0.001180 0.000392
0.002080 0.000298 0.077209 0.026216 0.000762 0.806869 0.000038 0.000000 0.000092 0.000461 0.000658 0.016119 0.000009 0.000069 0.002329 0.000860 0.000073 0.063229 0.000626 0.000045 0.001870 0.000004 0.000001 0.000084
0.003712 0.000189 0.010952 0.000455 0.000027 0.000512 0.000073 0.000005 0.006048 0.000568 0.000118 0.001432 0.025742 0.000499 0.314992 0.001355 0.000171 0.022936 0.062748 0.014289 0.528220 0.001589 0.000023 0.003346
0.013720 0.000318 0.022460 0.060844 0.001594 0.184954 0.000033 0.000003 0.001657 0.040318 0.002704 0.063808 0.001065 0.003179 0.012617 0.004892 0.000450 0.013879 0.038651 0.002165 0.527928 0.001884 0.000015 0.000864
0.002102 0.000811 0.940309 0.000019 0.000005 0.002074 0.000014 0.000001 0.000132 0.000136 0.000026 0.003572 0.000000 0.000000 0.000185 0.000221 0.000004 0.039639 0.000016 0.000004 0.010710 0.000002 0.000000 0.000017
0.000853 0.000106 0.002655 0.000081 0.000015 0.000048 0.000003 0.000012 0.000202 0.000148 0.000026 0.000495 0.000230 0.000234 0.002225 0.000769 0.000296 0.003234 0.014512 0.064046 0.908830 0.000574 0.000008 0.000397
