0.000534 0.002691 0.001017 0.001212 0.003825 0.000418 0.000068 0.000016 0.000309 0.000022 0.000117 0.000083 0.005868 0.006780 0.022940 0.194222 0.551132 0.186689 0.002322 0.003806 0.003351 0.000361 0.007142 0.005075
0.001059 0.000066 0.009719 0.028886 0.008690 0.756899 0.000314 0.000003 0.000186 0.014598 0.000713 0.093034 0.000052 0.000272 0.005598 0.002030 0.000283 0.009484 0.009504 0.000298 0.056439 0.001185 0.000049 0.000640
0.002027 0.001574 0.072595 0.011147 0.058773 0.542343 0.000043 0.000000 0.000020 0.000140 0.000431 0.006249 0.000002 0.000023 0.000765 0.023432 0.000184 0.279704 0.000062 0.000002 0.000318 0.000016 0.000010 0.000139
0.169757 0.046106 0.292813 0.006505 0.004086 0.003514 0.000041 0.000003 0.000974 0.000532 0.000057 0.001718 0.073308 0.012040 0.217243 0.125144 0.002568 0.020795 0.018607 0.000355 0.003103 0.000037 0.000102 0.000592
0.436453 0.065646 0.257345 0.079414 0.023028 0.029576 0.000108 0.000000 0.000254 0.002083 0.000825 0.010157 0.003502 0.000682 0.000966 0.033581 0.001585 0.035161 0.005562 0.001688 0.012083 0.000071 0.000026 0.000203
0.005779 0.004799 0.042083 0.001205 0.001798 0.006833 0.000096 0.000002 0.002404 0.000298 0.000705 0.016075 0.034592 0.006138 0.583634 0.022174 0.011795 0.152212 0.008182 0.000941 0.087409 0.000550 0.000130 0.010165
0.003101 0.000060 0.003068 0.064018 0.001626 0.033209 0.000123 0.000002 0.000042 0.000289 0.000014 0.000233 0.000092 0.000447 0.000120 0.001036 0.000092 0.000533 0.307773 0.002279 0.581659 0.000161 0.000004 0.000020
0.000059 0.000005 0.001282 0.000042 0.000063 0.003214 0.000921 0.000105 0.000425 0.006559 0.004171 0.941873 0.000010 0.000025 0.000525 0.000013 0.000001 0.000485 0.000040 0.000261 0.037902 0.001082 0.000005 0.000932
0.015073 0.001797 0.039237 0.000516 0.000125 0.000119 0.000736 0.000053 0.005187 0.001106 0.000016 0.001213 0.038155 0.002231 0.034242 0.006650 0.004379 0.016835 0.157947 0.046276 0.622341 0.002526 0.000182 0.003057
0.037697 0.011017 0.824582 0.001938 0.000761 0.008315 0.000358 0.000001 0.000473 0.001074 0.000121 0.011961 0.000201 0.000195 0.002697 0.000871 0.000113 0.002669 0.007223 0.002470 0.085142 0.000061 0.000005 0.000057
0.005115 0.006565 0.711320 0.004662 0.001291 0.197136 0.000205 0.000000 0.000292 0.001538 0.000771 0.040239 0.000083 0.000041 0.010415 0.000263 0.000039 0.009306 0.001570 0.000222 0.008285 0.000022 0.000001 0.000619
0.670768 0.097958 0.224781 0.000673 0.000205 0.000037 0.000011 0.000001 0.000023 0.000023 0.000003 0.000016 0.000292 0.000013 0.000256 0.003496 0.000132 0.000734 0.000315 0.000027 0.000229 0.000001 0.000004 0.000003
0.054783 0.017447 0.902836 0.000198 0.000123 0.000324 0.000227 0.000001 0.000192 0.000038 0.000030 0.000553 0.001470 0.000108 0.018668 0.000568 0.000145 0.000806 0.000433 0.000113 0.000899 0.000002 0.000004 0.000031
0.003343 0.014121 0.006560 0.001581 0.004645 0.005124 0.000003 0.000002 0.000340 0.000049 0.000207 0.000598 0.002268 0.015502 0.018698 0.101291 0.172377 0.649076 0.000408 0.000039 0.000832 0.000106 0.001582 0.001250
0.035551 0.003439 0.007600 0.001245 0.001161 0.001251 0.000010 0.000014 0.002600 0.000163 0.000106 0.000061 0.559187 0.075368 0.266716 0.005665 0.016011 0.003651 0.016041 0.000347 0.002350 0.000474 0.000735 0.000254
0.000312 0.000267 0.013143 0.000151 0.003687 0.002482 0.023709 0.006531 0.014019 0.022395 0.014442 0.028471 0.002147 0.008409 0.125456 0.002787 0.003897 0.004294 0.040713 0.007387 0.603698 0.023874 0.003614 0.044117
0.000758 0.003200 0.992915 0.000017 0.000031 0.000577 0.000051 0.000000 0.000018 0.000035 0.000043 0.000485 0.000003 0.000001 0.000273 0.000145 0.000012 0.001382 0.000002 0.000001 0.000045 0.000000 0.000001 0.000006
0.005222 0.001932 0.725199 0.011572 0.005338 0.193546 0.000391 0.000002 0.000122 0.013497 0.001559 0.031932 0.000047 0.000007 0.000576 0.000157 0.000014 0.001108 0.001965 0.000248 0.005468 0.000027 0.000000 0.000071
0.475744 0.042328 0.474195 0.002709 0.001764 0.000979 0.000320 0.000002 0.000048 0.000274 0.000049 0.000123 0.000153 0.000004 0.000042 0.000645 0.000030 0.000184 0.000164 0.000012 0.000226 0.000005 0.000001 0.000001
0.004163 0.000692 0.015883 0.001284 0.002576 0.001884 0.000121 0.000104 0.008085 0.001243 0.001887 0.003249 0.004144 0.004066 0.165430 0.024520 0.010463 0.188925 0.037294 0.005034 0.501822 0.006028 0.000264 0.010841
0.000009 0.000003 0.000579 0.000001 0.000004 0.000018 0.031883 0.000084 0.957274 0.000066 0.000070 0.001497 0.000047 0.000006 0.002292 0.000001 0.000000 0.000093 0.000067 0.000045 0.005268 0.000189 0.000007 0.000496
0.278949 0.077069 0.618406 0.005297 0.000618 0.004921 0.000144 0.000006 0.000474 0.000584 0.000162 0.004737 0.001560 0.000017 0.000779 0.000293 0.000462 0.001342 0.000297 0.000204 0.003521 0.000024 0.000093 0.000043
0.000765 0.000238 0.000700 0.000099 0.000005 0.000009 0.000568 0.000275 0.988062 0.000009 0.000009 0.000069 0.002047 0.000195 0.000065 0.000017 0.001105 0.000599 0.000154 0.004110 0.000661 0.000054 0.000057 0.000130
0.013745 0.003554 0.163963 0.001647 0.000747 0.001826 0.002698 0.000384 0.204376 0.000050 0.000232 0.001538 0.020308 0.000767 0.014956 0.066479 0.015279 0.415146 0.009787 0.007436 0.049897 0.000099 0.001779 0.003305
0.000212 0.000006 0.004027 0.000010 0.000024 0.000321 0.000592 0.000180 0.011053 0.000524 0.002449 0.825501 0.000827 0.000044 0.029916 0.000034 0.000002 0.003877 0.000031 0.000436 0.113373 0.000192 0.000076 0.006293
0.008425 0.001314 0.055431 0.000124 0.000165 0.000343 0.000007 0.000000 0.000091 0.000034 0.000004 0.000905 0.000169 0.000119 0.001327 0.030006 0.000207 0.900251 0.000043 0.000006 0.000922 0.000001 0.000012 0.000094
0.023995 0.000190 0.002626 0.087819 0.005755 0.031934 0.000138 0.000004 0.000399 0.002454 0.000362 0.000793 0.001089 0.000437 0.000358 0.000762 0.000734 0.001848 0.458119 0.009342 0.370031 0.000690 0.000005 0.000117
0.260420 0.040118 0.639200 0.018322 0.001339 0.025299 0.000053 0.000000 0.000235 0.000601 0.000421 0.003135 0.000199 0.000090 0.000776 0.001438 0.000529 0.004798 0.000486 0.000289 0.002241 0.000002 0.000002 0.000008
0.000421 0.000794 0.000647 0.000421 0.000239 0.000610 0.000003 0.000006 0.000187 0.000022 0.000927 0.000459 0.000484 0.155644 0.071400 0.010546 0.379982 0.373365 0.000161 0.000571 0.001589 0.000024 0.000937 0.000562
0.754192 0.006621 0.164790 0.006336 0.000317 0.006210 0.000067 0.000002 0.000980 0.002416 0.000913 0.008598 0.002003 0.005535 0.006962 0.001416 0.001022 0.017267 0.001833 0.007558 0.004895 0.000027 0.000019 0.000021
0.104114 0.010994 0.779469 0.006292 0.000458 0.092384 0.000042 0.000000 0.000016 0.001054 0.001496 0.002167 0.000003 0.000001 0.000114 0.000005 0.000004 0.000491 0.000059 0.000080 0.000753 0.000002 0.000000 0.000001
0.145884 0.050161 0.057022 0.002661 0.000794 0.001587 0.000009 0.000001 0.002849 0.000110 0.000183 0.000457 0.028896 0.034590 0.076372 0.028107 0.270028 0.286219 0.001809 0.002416 0.009150 0.000067 0.000452 0.000175
0.000025 0.000002 0.001146 0.010911 0.000583 0.985197 0.000005 0.000000 0.000004 0.000274 0.000255 0.000849 0.000000 0.000000 0.000007 0.000014 0.000000 0.000580 0.000014 0.000000 0.000129 0.000001 0.000000 0.000003
0.000406 0.000004 0.000113 0.013979 0.000109 0.022828 0.009047 0.000019 0.951981 0.000013 0.000107 0.000095 0.000002 0.000003 0.000006 0.000003 0.000001 0.000596 0.000261 0.000097 0.000302 0.000014 0.000001 0.000015
0.540729 0.007857 0.438142 0.000389 0.000066 0.000771 0.000036 0.000001 0.000197 0.000202 0.000039 0.001910 0.000701 0.000043 0.000897 0.000868 0.000016 0.001639 0.000549 0.000085 0.004846 0.000001 0.000001 0.000017
0.017081 0.016143 0.001636 0.000112 0.000038 0.000013 0.000000 0.000000 0.000020 0.000010 0.000001 0.000004 0.000019 0.000012 0.000049 0.654047 0.003464 0.307260 0.000024 0.000004 0.000029 0.000000 0.000004 0.000029
0.005974 0.000036 0.016799 0.001928 0.000090 0.015725 0.000725 0.000026 0.004980 0.174964 0.000723 0.291745 0.000054 0.000152 0.013796 0.000028 0.000004 0.002711 0.003960 0.001206 0.462206 0.001345 0.000022 0.000801
0.024012 0.002728 0.118172 0.017152 0.005517 0.792230 0.000011 0.000000 0.000019 0.000150 0.000148 0.005869 0.000002 0.000002 0.000147 0.000926 0.000024 0.032651 0.000015 0.000001 0.000203 0.000003 0.000003 0.000014
0.138933 0.007346 0.144841 0.013680 0.003123 0.023086 0.000212 0.000008 0.002125 0.027781 0.000864 0.008293 0.022059 0.003223 0.021998 0.011553 0.001858 0.012278 0.275702 0.007416 0.267834 0.001311 0.000011 0.004463
0.180400 0.057541 0.004311 0.146066 0.067773 0.030397 0.000006 0.000000 0.000009 0.000031 0.000008 0.000019 0.000007 0.000022 0.000046 0.170859 0.006456 0.335258 0.000530 0.000010 0.000209 0.000009 0.000022 0.000011
0.025646 0.007032 0.006030 0.374969 0.075374 0.063743 0.000039 0.000020 0.000663 0.001251 0.001076 0.000529 0.000043 0.000054 0.000399 0.072704 0.007631 0.307143 0.029539 0.001440 0.021981 0.000849 0.000145 0.001701
0.000065 0.000694 0.000925 0.000008 0.000100 0.003499 0.000016 0.000001 0.001915 0.000006 0.000242 0.000365 0.000926 0.002034 0.975397 0.000028 0.000206 0.008372 0.000010 0.000009 0.000100 0.000005 0.000070 0.005006
0.000070 0.000014 0.000404 0.000053 0.000110 0.002256 0.086883 0.000331 0.886717 0.000056 0.000149 0.000183 0.000056 0.000006 0.022116 0.000001 0.000001 0.000028 0.000021 0.000013 0.000171 0.000075 0.000032 0.000251
0.152931 0.010434 0.704038 0.000847 0.000167 0.003496 0.014682 0.000134 0.024832 0.000051 0.000114 0.002944 0.007442 0.000241 0.052769 0.000177 0.000534 0.016042 0.000221 0.000167 0.006201 0.000010 0.001237 0.000289
0.001405 0.000067 0.009833 0.011107 0.002190 0.448447 0.000217 0.000002 0.000126 0.004593 0.001524 0.033303 0.000005 0.000002 0.000459 0.000032 0.000005 0.002156 0.004049 0.000166 0.479688 0.000263 0.000006 0.000355
0.000026 0.000001 0.000447 0.000002 0.000001 0.000189 0.014259 0.002818 0.898800 0.000214 0.005309 0.026450 0.000068 0.000038 0.003699 0.000001 0.000001 0.000514 0.000074 0.001554 0.041347 0.000481 0.000026 0.003680
0.017979 0.000710 0.017460 0.012177 0.000256 0.033744 0.000044 0.000006 0.001730 0.045844 0.008520 0.727112 0.002729 0.000997 0.019564 0.004315 0.000835 0.017218 0.000753 0.000755 0.078886 0.000388 0.000196 0.007783
0.055478 0.010219 0.024769 0.014116 0.007595 0.045921 0.000008 0.000002 0.000929 0.001916 0.001090 0.015369 0.002345 0.001028 0.002711 0.302910 0.017160 0.368946 0.008021 0.000629 0.107179 0.000276 0.000159 0.011225
0.186752 0.098648 0.629770 0.003584 0.005815 0.017679 0.000020 0.000000 0.000047 0.000154 0.000065 0.001582 0.000074 0.000078 0.000513 0.017067 0.000358 0.035275 0.000126 0.000019 0.002340 0.000002 0.000012 0.000020
0.000178 0.000012 0.000224 0.000010 0.000003 0.000012 0.002265 0.000522 0.995665 0.000001 0.000009 0.000045 0.000116 0.000012 0.000016 0.000004 0.000007 0.000145 0.000057 0.000039 0.000562 0.000016 0.000001 0.000078
0.000184 0.000166 0.000046 0.000038 0.000036 0.000079 0.000044 0.000210 0.000813 0.000003 0.000066 0.000181 0.001636 0.813588 0.017549 0.002252 0.131950 0.014491 0.000951 0.003786 0.007929 0.000042 0.000823 0.003138
0.002131 0.001660 0.008271 0.000032 0.000480 0.002534 0.000051 0.000004 0.000261 0.000005 0.000374 0.010586 0.000019 0.000198 0.006728 0.001193 0.010181 0.941024 0.000043 0.000374 0.008991 0.000035 0.000195 0.004629
0.000510 0.000179 0.009286 0.006062 0.001117 0.973416 0.000021 0.000000 0.000025 0.000445 0.000833 0.005460 0.000001 0.000001 0.000096 0.000011 0.000006 0.001653 0.000079 0.000021 0.000758 0.000002 0.000000 0.000019
0.412256 0.059391 0.496915 0.000207 0.000313 0.001456 0.000858 0.000009 0.001418 0.000015 0.000321 0.000386 0.008471 0.001195 0.014338 0.000169 0.000082 0.001247 0.000083 0.000403 0.000426 0.000001 0.000035 0.000006
0.015928 0.001566 0.004384 0.006350 0.052043 0.003405 0.001596 0.000641 0.006011 0.016041 0.016838 0.006807 0.047256 0.025643 0.023610 0.067900 0.013152 0.036788 0.148634 0.066740 0.419624 0.013485 0.000634 0.004926
0.001046 0.000057 0.000275 0.004885 0.001598 0.011132 0.000008 0.000005 0.000114 0.008868 0.000690 0.003584 0.000155 0.000064 0.000382 0.002452 0.000499 0.002140 0.022594 0.000963 0.933180 0.003360 0.000033 0.001918
0.502529 0.003630 0.062387 0.120228 0.002951 0.020057 0.000136 0.000001 0.000151 0.002621 0.000037 0.001023 0.001057 0.000094 0.001302 0.000397 0.000047 0.000404 0.081236 0.005493 0.194102 0.000088 0.000007 0.000022
0.037029 0.002484 0.009082 0.089554 0.009035 0.052908 0.000038 0.000034 0.001738 0.014114 0.000681 0.007248 0.043749 0.001032 0.134122 0.018626 0.000916 0.011343 0.380176 0.003779 0.159412 0.004093 0.000207 0.018601
0.000742 0.000038 0.000540 0.017067 0.001150 0.021158 0.000031 0.000023 0.000087 0.024406 0.000659 0.005169 0.000075 0.000035 0.000084 0.000811 0.000069 0.000331 0.048216 0.000710 0.876743 0.001665 0.000010 0.000181
0.010715 0.048428 0.461656 0.023473 0.042576 0.327627 0.000025 0.000000 0.000006 0.000206 0.000252 0.001719 0.000005 0.000020 0.000188 0.030994 0.001287 0.050624 0.000016 0.000001 0.000111 0.000003 0.000038 0.000031
0.119235 0.016077 0.616870 0.022489 0.002910 0.030451 0.000019 0.000002 0.000625 0.000446 0.000067 0.010557 0.005025 0.001931 0.017826 0.027682 0.003486 0.026837 0.019247 0.000984 0.076751 0.000034 0.000021 0.000429
0.008842 0.006403 0.003809 0.013657 0.006706 0.003405 0.000005 0.000015 0.001439 0.003066 0.003298 0.004007 0.026811 0.007154 0.049220 0.149394 0.462457 0.110010 0.013936 0.010624 0.067399 0.001588 0.000326 0.046427
0.016123 0.003356 0.015081 0.000492 0.000183 0.000764 0.000002 0.000001 0.000644 0.000309 0.000201 0.001367 0.000934 0.002501 0.247648 0.025898 0.003801 0.676571 0.000075 0.000062 0.001033 0.000061 0.001593 0.001302
0.023105 0.004135 0.964451 0.000230 0.000115 0.003459 0.000019 0.000000 0.000030 0.000324 0.000121 0.002961 0.000006 0.000009 0.000204 0.000073 0.000003 0.000515 0.000013 0.000015 0.000212 0.000001 0.000000 0.000000
0.001474 0.000154 0.000140 0.933260 0.026672 0.035091 0.000002 0.000000 0.000002 0.000244 0.000016 0.000015 0.000003 0.000006 0.000002 0.000868 0.000184 0.000213 0.001349 0.000058 0.000228 0.000018 0.000001 0.000001
0.011135 0.002650 0.051401 0.078378 0.008554 0.218015 0.000096 0.000001 0.001206 0.012633 0.009519 0.287451 0.006923 0.011430 0.054107 0.006549 0.007782 0.050634 0.016145 0.002496 0.157534 0.003317 0.000146 0.001899
0.010140 0.010392 0.896375 0.000407 0.000711 0.008576 0.000056 0.000000 0.000086 0.000029 0.000390 0.009440 0.000160 0.000140 0.003897 0.001566 0.000288 0.051815 0.000109 0.000076 0.005290 0.000005 0.000014 0.000038
0.000020 0.000001 0.000686 0.000002 0.000020 0.000372 0.000090 0.000001 0.000053 0.001570 0.000052 0.991787 0.000002 0.000033 0.000278 0.000001 0.000000 0.000075 0.000002 0.000007 0.004880 0.000034 0.000001 0.000031
0.000100 0.000003 0.000360 0.000875 0.000193 0.009563 0.000022 0.000000 0.000029 0.013485 0.000785 0.948910 0.000007 0.000096 0.002604 0.000052 0.000002 0.000530 0.000074 0.000118 0.021148 0.000387 0.000009 0.000647
0.965100 0.007412 0.013016 0.011131 0.000100 0.000478 0.000004 0.000000 0.000005 0.000255 0.000003 0.000033 0.000014 0.000001 0.000011 0.000019 0.000002 0.000012 0.000120 0.000092 0.002183 0.000005 0.000001 0.000000
0.000587 0.001033 0.017112 0.000173 0.000568 0.018219 0.000021 0.000001 0.000373 0.000127 0.000228 0.001503 0.001119 0.000153 0.937319 0.000562 0.000206 0.018326 0.000034 0.000004 0.000889 0.000013 0.000102 0.001330
0.000353 0.000943 0.006226 0.005057 0.009613 0.523697 0.000003 0.000007 0.000239 0.004182 0.002826 0.012457 0.000004 0.000128 0.001729 0.015219 0.003154 0.406286 0.000073 0.000211 0.005566 0.001136 0.000187 0.000705
0.000019 0.000006 0.000517 0.020592 0.002395 0.975539 0.000001 0.000000 0.000001 0.000163 0.000101 0.000294 0.000000 0.000000 0.000003 0.000025 0.000001 0.000244 0.000012 0.000001 0.000081 0.000001 0.000000 0.000002
0.006077 0.003451 0.188474 0.000925 0.004884 0.007347 0.000479 0.000344 0.005729 0.015899 0.176313 0.259253 0.001964 0.000126 0.266287 0.004963 0.000052 0.038324 0.000012 0.000435 0.001577 0.000632 0.000648 0.015805
0.012579 0.001467 0.007728 0.397821 0.214758 0.304783 0.000012 0.000004 0.000054 0.002319 0.000398 0.001150 0.000038 0.000268 0.000457 0.020262 0.000777 0.013007 0.004288 0.000640 0.015855 0.001114 0.000064 0.000155
0.075134 0.004592 0.065067 0.005255 0.000624 0.001089 0.000264 0.000004 0.000046 0.000501 0.000016 0.000133 0.001356 0.000230 0.000443 0.000562 0.000087 0.000326 0.493092 0.030673 0.320296 0.000188 0.000008 0.000017
0.067231 0.032603 0.258936 0.146131 0.026052 0.221754 0.000273 0.000000 0.000900 0.005692 0.003213 0.060586 0.005386 0.001899 0.014949 0.007724 0.005834 0.025626 0.020853 0.006187 0.086575 0.000150 0.000046 0.001400
0.002837 0.000765 0.196476 0.003972 0.000970 0.039482 0.001628 0.000009 0.001328 0.124796 0.002128 0.573369 0.000171 0.000161 0.001345 0.000399 0.000034 0.000601 0.004015 0.003399 0.041640 0.000274 0.000001 0.000198
0.005356 0.000260 0.001451 0.859007 0.019124 0.112087 0.000005 0.000000 0.000004 0.000483 0.000025 0.000063 0.000002 0.000002 0.000004 0.000497 0.000018 0.000279 0.000775 0.000055 0.000486 0.000016 0.000001 0.000001
0.204001 0.028071 0.738827 0.002172 0.001788 0.002370 0.000246 0.000001 0.000077 0.001021 0.000287 0.008232 0.000895 0.000167 0.001637 0.000370 0.000053 0.000458 0.001284 0.002118 0.005894 0.000014 0.000004 0.000014
0.013383 0.001741 0.001697 0.409748 0.015299 0.076341 0.000014 0.000003 0.000180 0.050449 0.000576 0.003220 0.000324 0.000506 0.000443 0.004362 0.001431 0.005528 0.098079 0.006327 0.302538 0.007672 0.000042 0.000098
0.000522 0.001359 0.001045 0.004126 0.010224 0.003387 0.000001 0.000000 0.000015 0.000037 0.000032 0.000253 0.000018 0.000824 0.000372 0.617981 0.041392 0.316662 0.000333 0.000189 0.000558 0.000068 0.000048 0.000554
0.075981 0.742721 0.040272 0.000137 0.000114 0.000008 0.000002 0.000001 0.000014 0.000006 0.000003 0.000008 0.000649 0.000291 0.000919 0.097008 0.029187 0.011750 0.000065 0.000620 0.000142 0.000003 0.000094 0.000006
0.000036 0.000015 0.001356 0.016843 0.001757 0.970648 0.000010 0.000000 0.000012 0.001950 0.000224 0.005904 0.000000 0.000001 0.000032 0.000040 0.000001 0.000898 0.000015 0.000002 0.000217 0.000024 0.000000 0.000016
0.001919 0.006465 0.000165 0.016592 0.016364 0.009133 0.000001 0.000001 0.000294 0.000019 0.000036 0.000033 0.014188 0.322065 0.031724 0.096131 0.436477 0.042275 0.000345 0.000618 0.000260 0.000265 0.004556 0.000075
0.002606 0.003931 0.000929 0.042028 0.020255 0.018007 0.000014 0.000005 0.000317 0.002642 0.000783 0.003502 0.000760 0.009283 0.004883 0.500301 0.192410 0.142590 0.015882 0.000802 0.013567 0.021012 0.000645 0.002844
0.055927 0.055454 0.004957 0.008521 0.046476 0.000731 0.000139 0.000060 0.000408 0.000209 0.000021 0.000010 0.031121 0.117078 0.060416 0.129337 0.110202 0.035553 0.231993 0.086194 0.013093 0.002938 0.009032 0.000130
0.159213 0.174294 0.653920 0.004117 0.001030 0.001258 0.000795 0.000002 0.000080 0.000020 0.000032 0.000082 0.000738 0.001061 0.001150 0.000322 0.000100 0.000640 0.000539 0.000256 0.000245 0.000003 0.000105 0.000000
0.054216 0.005807 0.932652 0.001616 0.000259 0.001136 0.000380 0.000000 0.000020 0.000101 0.000007 0.000167 0.000008 0.000015 0.000278 0.000088 0.000005 0.000200 0.001015 0.000538 0.001488 0.000005 0.000001 0.000000
0.000015 0.000009 0.002668 0.008102 0.001787 0.980149 0.000039 0.000000 0.000006 0.000667 0.000088 0.003726 0.000000 0.000000 0.000016 0.000042 0.000001 0.001456 0.000040 0.000003 0.001160 0.000016 0.000000 0.000010
0.000013 0.000001 0.000248 0.000216 0.000052 0.006170 0.619278 0.000332 0.367670 0.000204 0.000550 0.003196 0.000005 0.000025 0.000226 0.000001 0.000001 0.000075 0.000160 0.000507 0.000719 0.000294 0.000001 0.000055
0.037325 0.023617 0.908746 0.000604 0.000166 0.019316 0.000114 0.000001 0.000063 0.000198 0.000143 0.006961 0.000028 0.000002 0.000205 0.000047 0.000016 0.002071 0.000010 0.000004 0.000352 0.000001 0.000001 0.000009
0.024896 0.011535 0.864035 0.002427 0.003240 0.035738 0.000038 0.000001 0.000610 0.000198 0.000098 0.007484 0.000161 0.000079 0.002957 0.000800 0.000113 0.042252 0.000084 0.000052 0.003072 0.000012 0.000002 0.000114
0.008543 0.001363 0.003363 0.000229 0.000271 0.000327 0.000002 0.000010 0.002921 0.000027 0.000034 0.000272 0.059059 0.003177 0.865196 0.002724 0.018127 0.028219 0.000134 0.000397 0.004558 0.000139 0.000294 0.000613
0.000083 0.000148 0.000248 0.000065 0.001202 0.000695 0.000000 0.000000 0.000013 0.000007 0.000045 0.000096 0.000000 0.000087 0.000016 0.034017 0.006438 0.956711 0.000001 0.000002 0.000023 0.000017 0.000016 0.000067
0.001292 0.000044 0.002532 0.000302 0.000338 0.000080 0.247123 0.072484 0.282985 0.157551 0.005717 0.016645 0.041691 0.000496 0.000352 0.001702 0.000094 0.000644 0.011036 0.007022 0.064490 0.043337 0.000028 0.042014
0.005029 0.001055 0.122640 0.027824 0.006869 0.773444 0.000069 0.000001 0.000210 0.001751 0.001476 0.029235 0.000053 0.000007 0.000444 0.000478 0.000128 0.019103 0.000117 0.000028 0.009668 0.000042 0.000011 0.000319
0.146520 0.014544 0.825213 0.003153 0.000986 0.001314 0.000010 0.000001 0.000054 0.000297 0.000046 0.000694 0.000240 0.000021 0.000104 0.001719 0.000231 0.003555 0.000071 0.000033 0.001175 0.000003 0.000005 0.000011
0.003617 0.011935 0.939367 0.000466 0.000886 0.022685 0.000021 0.000000 0.000054 0.000118 0.000222 0.004976 0.000017 0.000007 0.000506 0.000193 0.000159 0.013644 0.000017 0.000008 0.001068 0.000002 0.000002 0.000034
0.000227 0.000555 0.000252 0.000105 0.001111 0.000113 0.000007 0.000024 0.001259 0.000079 0.000198 0.000043 0.043795 0.150690 0.053007 0.012281 0.576074 0.014716 0.015711 0.067336 0.052041 0.004416 0.000590 0.005370
0.002451 0.000667 0.013481 0.000052 0.000077 0.001115 0.000006 0.000000 0.000062 0.000028 0.000117 0.001981 0.000069 0.000798 0.013286 0.001364 0.000346 0.962610 0.000010 0.000015 0.001279 0.000009 0.000053 0.000124
0.000074 0.000003 0.000136 0.000025 0.000001 0.000011 0.000005 0.000000 0.000020 0.000030 0.000001 0.000046 0.000048 0.000051 0.000041 0.000002 0.000006 0.000010 0.007683 0.002840 0.988832 0.000133 0.000000 0.000001
0.000010 0.000000 0.000076 0.000295 0.000004 0.003219 0.000019 0.000003 0.000124 0.012098 0.004584 0.974767 0.000001 0.000015 0.000217 0.000009 0.000001 0.000486 0.000006 0.000019 0.003526 0.000155 0.000001 0.000364
0.063166 0.007788 0.081367 0.134749 0.005752 0.082341 0.000099 0.000017 0.003807 0.060756 0.008364 0.164309 0.021106 0.017854 0.039619 0.073541 0.025807 0.038098 0.071993 0.006783 0.081216 0.004721 0.000126 0.006622
0.000169 0.000095 0.000174 0.000043 0.000155 0.000102 0.000007 0.000029 0.000352 0.000151 0.000216 0.000071 0.014525 0.523403 0.189502 0.011414 0.210327 0.010869 0.007429 0.005885 0.018987 0.002119 0.000189 0.003788
0.000775 0.000302 0.002271 0.000514 0.000615 0.012163 0.000019 0.000008 0.000577 0.004967 0.009367 0.029387 0.000088 0.017267 0.359943 0.043863 0.009385 0.481702 0.000260 0.000074 0.009529 0.001628 0.000517 0.014778
0.006382 0.000848 0.374692 0.008129 0.000668 0.127171 0.004271 0.000025 0.001683 0.141788 0.004927 0.297101 0.000386 0.000053 0.014073 0.000765 0.000008 0.001215 0.002957 0.000136 0.011857 0.000374 0.000003 0.000487
0.000159 0.000031 0.002262 0.000043 0.000022 0.000081 0.000033 0.000012 0.001291 0.001638 0.000122 0.000610 0.001048 0.000492 0.039452 0.000721 0.000329 0.003290 0.042504 0.018412 0.884502 0.001751 0.000008 0.001187
0.000032 0.000000 0.000012 0.000006 0.000000 0.000002 0.001352 0.000063 0.994839 0.000018 0.000002 0.000005 0.000134 0.000041 0.000229 0.000000 0.000001 0.000002 0.000370 0.000207 0.002612 0.000060 0.000003 0.000010
0.000180 0.000048 0.004706 0.045645 0.014267 0.878830 0.000074 0.000000 0.000120 0.008591 0.006108 0.030356 0.000002 0.000001 0.000230 0.000153 0.000008 0.001666 0.000018 0.000031 0.007898 0.000109 0.000034 0.000924
0.114834 0.008293 0.535880 0.010199 0.009236 0.038462 0.000096 0.000002 0.002981 0.001453 0.000121 0.023709 0.001071 0.000538 0.020295 0.019945 0.001296 0.097536 0.003140 0.000310 0.108164 0.000059 0.000038 0.002342
0.686018 0.039103 0.223294 0.028553 0.002505 0.003325 0.000030 0.000001 0.000223 0.002026 0.000084 0.001004 0.000234 0.000011 0.000236 0.008462 0.000072 0.001412 0.000302 0.000085 0.002998 0.000010 0.000003 0.000011
0.000329 0.000002 0.000041 0.000005 0.000000 0.000001 0.001827 0.000280 0.996418 0.000002 0.000003 0.000007 0.000437 0.000002 0.000092 0.000001 0.000001 0.000010 0.000068 0.000094 0.000351 0.000008 0.000000 0.000021
0.001078 0.000044 0.030642 0.000058 0.000176 0.006332 0.000370 0.000700 0.016985 0.000405 0.025464 0.132771 0.000081 0.000289 0.748575 0.000389 0.000020 0.024720 0.000003 0.000025 0.000966 0.000098 0.000136 0.009673
0.040474 0.000126 0.005068 0.635850 0.011096 0.243797 0.000037 0.000001 0.000026 0.009175 0.000048 0.000291 0.000011 0.000029 0.000072 0.010689 0.000086 0.001778 0.030993 0.000111 0.010028 0.000177 0.000004 0.000034
0.054640 0.000399 0.167526 0.001745 0.000148 0.001964 0.004388 0.000011 0.000130 0.006246 0.000039 0.000991 0.000071 0.000024 0.000579 0.000247 0.000009 0.000221 0.073947 0.004081 0.682349 0.000178 0.000002 0.000065
0.217509 0.014804 0.348012 0.044098 0.012956 0.067570 0.000341 0.000001 0.001024 0.002409 0.001617 0.027262 0.001892 0.000717 0.031042 0.016080 0.003384 0.086262 0.023341 0.001261 0.094363 0.000074 0.000030 0.003951
0.000035 0.000001 0.000375 0.000163 0.000356 0.012881 0.000240 0.000017 0.000790 0.004235 0.004402 0.975247 0.000000 0.000003 0.000023 0.000014 0.000000 0.000290 0.000001 0.000001 0.000681 0.000097 0.000000 0.000146
0.000854 0.004455 0.000504 0.000653 0.002527 0.000697 0.000000 0.000002 0.000235 0.000003 0.000008 0.000019 0.000026 0.000144 0.000163 0.245569 0.079065 0.664516 0.000008 0.000003 0.000006 0.000004 0.000148 0.000392
0.000016 0.000002 0.000438 0.000016 0.000011 0.000957 0.000097 0.000062 0.000886 0.001096 0.002074 0.123911 0.000509 0.000375 0.828022 0.000048 0.000001 0.001761 0.000031 0.000004 0.001150 0.000093 0.000074 0.038367
0.420615 0.030063 0.397879 0.028047 0.022832 0.026376 0.000050 0.000001 0.000144 0.000671 0.000083 0.001341 0.000572 0.000107 0.001943 0.016644 0.002105 0.042622 0.001298 0.000043 0.006122 0.000031 0.000049 0.000359
0.009934 0.012655 0.012865 0.057033 0.813889 0.067609 0.000094 0.000044 0.000452 0.000219 0.002166 0.000141 0.000130 0.000012 0.000251 0.004111 0.000737 0.016034 0.000418 0.000037 0.000297 0.000065 0.000145 0.000660
0.019551 0.026944 0.824392 0.002102 0.015492 0.048309 0.000008 0.000000 0.000004 0.000043 0.000083 0.000974 0.000001 0.000005 0.000033 0.004585 0.000210 0.057107 0.000009 0.000001 0.000134 0.000001 0.000005 0.000006
0.001616 0.000211 0.005064 0.002040 0.001576 0.000211 0.000063 0.000411 0.003771 0.000811 0.000431 0.000112 0.000527 0.002072 0.001772 0.035498 0.013647 0.041942 0.179509 0.404766 0.290090 0.009760 0.000355 0.003743
0.005913 0.000011 0.002562 0.003918 0.000074 0.000341 0.000101 0.000006 0.000035 0.000934 0.000019 0.000334 0.000397 0.000037 0.000090 0.000118 0.000009 0.000083 0.352732 0.004087 0.627809 0.000346 0.000006 0.000041
0.000356 0.000000 0.000033 0.000142 0.000001 0.000056 0.000939 0.000406 0.955259 0.000049 0.000075 0.000088 0.000899 0.000213 0.000408 0.000002 0.000002 0.000110 0.003028 0.002368 0.034914 0.000425 0.000020 0.000205
0.000167 0.000050 0.005954 0.000124 0.000383 0.004930 0.000101 0.000005 0.001865 0.000369 0.001184 0.024758 0.000032 0.000020 0.004054 0.017248 0.000170 0.909532 0.000008 0.000009 0.005629 0.000071 0.000043 0.023294
0.033561 0.002690 0.228349 0.001289 0.000343 0.003330 0.000010 0.000000 0.000263 0.000147 0.000017 0.000918 0.000009 0.000002 0.000142 0.039915 0.000023 0.688279 0.000023 0.000002 0.000632 0.000002 0.000003 0.000051
0.038373 0.001405 0.007714 0.544896 0.081520 0.098790 0.000004 0.000000 0.000322 0.007380 0.000561 0.002666 0.000318 0.000048 0.000619 0.035118 0.001237 0.056667 0.031610 0.001601 0.086408 0.000330 0.000023 0.002390
0.004425 0.000840 0.001329 0.006953 0.026399 0.001017 0.000281 0.000355 0.006063 0.009453 0.011151 0.001340 0.003631 0.002792 0.007580 0.064791 0.019317 0.093583 0.044421 0.156835 0.487045 0.027351 0.000624 0.022425
0.044593 0.000751 0.945936 0.000147 0.000012 0.002472 0.000812 0.000007 0.000301 0.001433 0.000074 0.001624 0.000006 0.000000 0.000792 0.000002 0.000000 0.000082 0.000014 0.000006 0.000933 0.000001 0.000000 0.000002
0.200745 0.005603 0.781746 0.000707 0.000064 0.000424 0.000009 0.000000 0.000204 0.000144 0.000005 0.001037 0.000089 0.000011 0.000520 0.002467 0.000017 0.005579 0.000090 0.000007 0.000523 0.000000 0.000000 0.000008
0.000078 0.000010 0.003938 0.012190 0.001642 0.977585 0.000004 0.000000 0.000012 0.000797 0.000265 0.001563 0.000000 0.000000 0.000020 0.000060 0.000001 0.001568 0.000013 0.000000 0.000232 0.000001 0.000000 0.000021
0.033312 0.001622 0.322469 0.000056 0.000202 0.002007 0.000073 0.000002 0.000784 0.000538 0.000298 0.003779 0.021803 0.001686 0.606737 0.000074 0.000004 0.000619 0.000291 0.000055 0.003554 0.000007 0.000005 0.000025
0.203625 0.090415 0.503557 0.002970 0.002932 0.001306 0.000006 0.000000 0.000013 0.000117 0.000007 0.000104 0.000004 0.000044 0.000041 0.082797 0.000936 0.110805 0.000125 0.000013 0.000178 0.000001 0.000004 0.000001
0.000013 0.000001 0.000451 0.000011 0.000012 0.000745 0.001284 0.001884 0.010369 0.000788 0.032544 0.091753 0.000338 0.004232 0.777527 0.000046 0.000005 0.005032 0.000023 0.000025 0.000735 0.000132 0.000080 0.071971
0.721512 0.012376 0.105943 0.077286 0.008177 0.018101 0.000089 0.000007 0.000352 0.004789 0.000187 0.007627 0.005689 0.000572 0.002167 0.006846 0.001665 0.007510 0.010116 0.000381 0.007914 0.000081 0.000046 0.000568
0.590528 0.192585 0.063866 0.042042 0.095729 0.009615 0.000507 0.000029 0.000180 0.000339 0.000439 0.000053 0.000131 0.000009 0.000028 0.001859 0.000088 0.001583 0.000254 0.000016 0.000062 0.000018 0.000012 0.000028
0.069037 0.035959 0.085539 0.003238 0.017563 0.001241 0.000018 0.000002 0.000246 0.000064 0.000050 0.000287 0.000107 0.000090 0.000125 0.419578 0.002849 0.361718 0.000789 0.000035 0.001104 0.000036 0.000023 0.000304
0.021991 0.008065 0.601309 0.010359 0.004673 0.081196 0.000167 0.000000 0.000618 0.001952 0.000878 0.036660 0.000784 0.001325 0.012970 0.036987 0.007810 0.142133 0.007543 0.000189 0.020839 0.000014 0.000010 0.001527
0.031349 0.011555 0.514891 0.007699 0.010725 0.044574 0.000338 0.000001 0.001509 0.011670 0.006113 0.204333 0.002378 0.002512 0.017941 0.027208 0.004172 0.050014 0.013715 0.000582 0.031801 0.000171 0.000010 0.004737
0.151878 0.132732 0.710948 0.000658 0.001956 0.000955 0.000024 0.000000 0.000006 0.000087 0.000068 0.000149 0.000013 0.000001 0.000022 0.000120 0.000003 0.000329 0.000014 0.000002 0.000035 0.000000 0.000000 0.000001
0.004962 0.003024 0.748353 0.003524 0.029539 0.186149 0.000022 0.000000 0.000008 0.000131 0.000152 0.002822 0.000000 0.000002 0.000108 0.001248 0.000016 0.019810 0.000015 0.000001 0.000106 0.000002 0.000001 0.000006
0.191113 0.014069 0.772814 0.000684 0.000366 0.000283 0.000054 0.000000 0.000163 0.000079 0.000011 0.000815 0.000222 0.000071 0.001192 0.002004 0.000159 0.003536 0.002172 0.000207 0.009941 0.000006 0.000001 0.000037
0.039161 0.018148 0.589332 0.012333 0.006918 0.034628 0.000153 0.000000 0.000891 0.000868 0.000340 0.024880 0.000450 0.000694 0.008297 0.027484 0.006324 0.186000 0.006261 0.000210 0.035604 0.000021 0.000010 0.000992
0.008290 0.003874 0.350893 0.035204 0.008189 0.189635 0.000165 0.000001 0.000768 0.009270 0.004980 0.282397 0.000220 0.000412 0.006444 0.004972 0.000919 0.049869 0.004888 0.000314 0.035202 0.000276 0.000011 0.002808
0.093551 0.068656 0.341800 0.000150 0.001188 0.000027 0.001549 0.000776 0.008112 0.001211 0.000585 0.000471 0.024613 0.006086 0.046838 0.008257 0.016461 0.004911 0.023394 0.263085 0.086562 0.000829 0.000726 0.000162
0.022578 0.007711 0.213998 0.017862 0.009536 0.060617 0.000237 0.000000 0.001180 0.000915 0.001324 0.031306 0.000213 0.000921 0.011563 0.072014 0.008889 0.514954 0.005113 0.000334 0.016178 0.000091 0.000059 0.002406
0.000055 0.000021 0.002872 0.000767 0.000387 0.019631 0.000020 0.000001 0.000396 0.031157 0.005547 0.911326 0.000001 0.000014 0.000350 0.000072 0.000019 0.002712 0.000123 0.000068 0.022611 0.001025 0.000004 0.000822
0.005677 0.001950 0.003524 0.000078 0.000325 0.000273 0.000002 0.000000 0.001048 0.000008 0.000004 0.000132 0.013989 0.051046 0.786439 0.025658 0.002620 0.104685 0.000825 0.000187 0.001162 0.000042 0.000156 0.000171
0.010002 0.000465 0.077622 0.000402 0.000508 0.001944 0.004501 0.000057 0.004361 0.039164 0.001899 0.042640 0.002290 0.001050 0.054279 0.000409 0.000023 0.001291 0.018574 0.002493 0.730517 0.005179 0.000042 0.000290
0.000203 0.000089 0.001323 0.000005 0.000060 0.000556 0.000007 0.000000 0.000902 0.000011 0.000049 0.000213 0.001141 0.000329 0.992601 0.000057 0.000012 0.002011 0.000007 0.000003 0.000077 0.000005 0.000036 0.000305
0.000074 0.000151 0.002207 0.000023 0.000431 0.001037 0.000000 0.000000 0.000007 0.000007 0.000038 0.000087 0.000000 0.000008 0.000070 0.017920 0.000993 0.976854 0.000001 0.000000 0.000021 0.000002 0.000005 0.000066
0.020889 0.005000 0.792876 0.019047 0.005907 0.072719 0.000086 0.000000 0.000245 0.003658 0.004673 0.038526 0.000573 0.000069 0.004161 0.001226 0.000117 0.026179 0.000549 0.000232 0.003054 0.000008 0.000001 0.000205
0.000287 0.000003 0.000237 0.000084 0.000005 0.000008 0.000680 0.000136 0.000679 0.001068 0.000140 0.000674 0.009057 0.000075 0.005003 0.000003 0.000003 0.000010 0.045549 0.023663 0.912197 0.000415 0.000002 0.000019
0.008276 0.007149 0.979492 0.000209 0.000058 0.001642 0.000018 0.000000 0.000024 0.000037 0.000041 0.001118 0.000044 0.000002 0.000268 0.000032 0.000027 0.000580 0.000028 0.000036 0.000916 0.000000 0.000000 0.000004
0.002959 0.001941 0.908839 0.000491 0.000180 0.035595 0.000024 0.000000 0.000155 0.000089 0.000053 0.011342 0.000223 0.000108 0.028213 0.000087 0.000055 0.006442 0.000196 0.000017 0.002928 0.000001 0.000000 0.000061
0.009166 0.000205 0.009834 0.000122 0.000033 0.000221 0.000051 0.001161 0.069075 0.015097 0.008867 0.148663 0.002309 0.002011 0.217295 0.000193 0.000096 0.016817 0.000241 0.066775 0.380305 0.002114 0.000086 0.049264
0.062967 0.002539 0.667075 0.040975 0.003395 0.169193 0.000059 0.000004 0.001247 0.010894 0.000219 0.009587 0.000015 0.000008 0.001535 0.000511 0.000010 0.009163 0.000660 0.000069 0.019617 0.000206 0.000003 0.000048
0.000580 0.002809 0.000247 0.000481 0.003881 0.000132 0.000000 0.000001 0.000047 0.000084 0.000005 0.000006 0.001132 0.007130 0.004633 0.776169 0.097089 0.102658 0.000891 0.000127 0.000378 0.000268 0.000191 0.001061
0.000978 0.000738 0.189373 0.013376 0.002684 0.661711 0.000037 0.000000 0.000086 0.000901 0.000648 0.026074 0.000002 0.000018 0.001979 0.001648 0.000119 0.096683 0.000312 0.000021 0.002246 0.000012 0.000001 0.000354
0.000005 0.000000 0.000066 0.000022 0.000003 0.000951 0.000012 0.000000 0.000026 0.000443 0.000456 0.995186 0.000000 0.000008 0.000500 0.000003 0.000000 0.000747 0.000003 0.000006 0.001293 0.000058 0.000000 0.000212
0.000396 0.000006 0.001260 0.000051 0.000008 0.000322 0.000057 0.000004 0.000273 0.008789 0.001057 0.072230 0.005694 0.083174 0.797839 0.000810 0.000009 0.002312 0.000616 0.000896 0.023017 0.000100 0.000056 0.001024
0.001600 0.000005 0.000256 0.000129 0.000003 0.000044 0.001189 0.003175 0.214399 0.001460 0.001818 0.003620 0.162857 0.014876 0.376734 0.000147 0.000026 0.000428 0.001765 0.011600 0.191188 0.002294 0.000386 0.010002
0.114464 0.535078 0.207724 0.000115 0.001243 0.000081 0.000183 0.000363 0.008822 0.000012 0.000072 0.000122 0.008058 0.004814 0.003203 0.009677 0.022051 0.057547 0.000145 0.005634 0.011336 0.000094 0.009116 0.000047
0.002885 0.003555 0.004137 0.000184 0.000408 0.000291 0.000352 0.000011 0.003703 0.000006 0.000055 0.000051 0.304506 0.029672 0.589635 0.000236 0.002049 0.000339 0.015476 0.003738 0.036637 0.000299 0.001544 0.000230
0.480316 0.037278 0.386388 0.000207 0.000248 0.000057 0.000410 0.000025 0.000373 0.000005 0.000016 0.000134 0.013638 0.004902 0.045990 0.007141 0.000709 0.013669 0.002367 0.001742 0.003961 0.000009 0.000404 0.000010
0.444289 0.301365 0.241673 0.005135 0.003995 0.001382 0.000287 0.000001 0.000019 0.000016 0.000040 0.000029 0.000051 0.000021 0.000029 0.000094 0.000076 0.000942 0.000165 0.000097 0.000285 0.000002 0.000007 0.000000
0.246370 0.037353 0.629088 0.005291 0.001292 0.007593 0.000149 0.000000 0.000404 0.000082 0.000149 0.003659 0.000278 0.000455 0.002733 0.002095 0.001743 0.048994 0.001325 0.000648 0.010249 0.000006 0.000014 0.000026
0.045672 0.008024 0.258768 0.129905 0.037090 0.417319 0.000739 0.000001 0.000363 0.002134 0.002292 0.032370 0.000473 0.000108 0.005198 0.001072 0.000207 0.021997 0.004756 0.000589 0.030469 0.000079 0.000007 0.000368
0.018452 0.000978 0.003859 0.000655 0.000720 0.000070 0.002940 0.000024 0.001062 0.000013 0.000032 0.000014 0.776212 0.001442 0.171292 0.000133 0.000043 0.000066 0.018009 0.001664 0.002218 0.000032 0.000022 0.000050
0.710339 0.017124 0.223662 0.003354 0.001163 0.000504 0.000164 0.000003 0.000302 0.000013 0.000017 0.000123 0.002477 0.000292 0.001944 0.001849 0.000963 0.009683 0.008489 0.001531 0.015929 0.000009 0.000021 0.000044
0.000391 0.000020 0.000559 0.534127 0.015005 0.441770 0.000021 0.000000 0.000014 0.003364 0.000120 0.000444 0.000001 0.000000 0.000002 0.000197 0.000004 0.000653 0.001240 0.000022 0.001973 0.000045 0.000000 0.000025
0.002531 0.001211 0.015026 0.049410 0.207928 0.685899 0.000030 0.000000 0.000018 0.000218 0.000973 0.002957 0.000012 0.000004 0.000091 0.002734 0.000118 0.030198 0.000078 0.000014 0.000309 0.000029 0.000009 0.000202
0.680729 0.054190 0.260965 0.001813 0.000268 0.000156 0.000008 0.000000 0.000008 0.000040 0.000004 0.000029 0.000080 0.000003 0.000015 0.001099 0.000036 0.000319 0.000036 0.000012 0.000185 0.000001 0.000002 0.000001
0.001395 0.003182 0.021279 0.000093 0.001258 0.006752 0.000453 0.000041 0.001219 0.000075 0.004880 0.003689 0.030502 0.190289 0.702685 0.000119 0.000648 0.001169 0.000301 0.000285 0.027271 0.000164 0.000210 0.002040
0.003374 0.002148 0.966422 0.000023 0.000025 0.001746 0.000024 0.000000 0.000039 0.000210 0.000102 0.014779 0.000004 0.000009 0.005254 0.000096 0.000003 0.005665 0.000000 0.000001 0.000071 0.000001 0.000001 0.000006
0.005057 0.016812 0.026287 0.000056 0.000618 0.000190 0.000002 0.000003 0.000289 0.000049 0.000233 0.000712 0.000134 0.000301 0.003094 0.024557 0.053719 0.865785 0.000016 0.000291 0.000703 0.000058 0.000274 0.000758
0.029671 0.000198 0.012215 0.001682 0.000087 0.000270 0.002426 0.000509 0.000913 0.040376 0.000239 0.001466 0.125521 0.004242 0.034961 0.000092 0.000062 0.000015 0.293347 0.026048 0.423411 0.002194 0.000041 0.000015
0.074905 0.011932 0.351837 0.057457 0.008497 0.080051 0.000215 0.000001 0.001058 0.000745 0.000601 0.027695 0.002397 0.001191 0.007188 0.016078 0.029252 0.162533 0.006927 0.002178 0.156010 0.000099 0.000129 0.001022
0.000585 0.000186 0.036238 0.004417 0.004102 0.318584 0.000032 0.000002 0.000475 0.001177 0.004589 0.310267 0.000284 0.000177 0.024593 0.000052 0.000321 0.012346 0.001266 0.000915 0.274928 0.002405 0.000023 0.002037
0.005909 0.000482 0.887486 0.002476 0.000176 0.053880 0.000364 0.000002 0.000344 0.009008 0.000663 0.023437 0.000052 0.000004 0.003343 0.000046 0.000004 0.000636 0.000213 0.000100 0.011266 0.000035 0.000001 0.000073
0.000020 0.000018 0.000193 0.000015 0.000036 0.002150 0.000004 0.000003 0.000441 0.000007 0.000253 0.000293 0.001733 0.001035 0.992294 0.000019 0.000133 0.000563 0.000004 0.000009 0.000222 0.000020 0.000061 0.000472
0.119200 0.000942 0.002700 0.624494 0.013654 0.232970 0.000016 0.000001 0.000018 0.000690 0.000077 0.000108 0.000019 0.000024 0.000101 0.000127 0.000165 0.000238 0.002313 0.000247 0.001857 0.000031 0.000004 0.000002
0.048876 0.002916 0.130733 0.243978 0.018652 0.348224 0.002917 0.000003 0.000218 0.008942 0.000574 0.007087 0.000749 0.000415 0.008197 0.000434 0.000073 0.001136 0.141890 0.004356 0.029363 0.000218 0.000004 0.000044
