0.000633 0.000035 0.000086 0.000229 0.000046 0.000151 0.008737 0.013590 0.969560 0.000070 0.000265 0.000103 0.002303 0.000176 0.000336 0.000014 0.000019 0.000075 0.000502 0.000799 0.000855 0.000284 0.000362 0.000773
0.000227 0.000057 0.000515 0.000122 0.000096 0.000770 0.060043 0.013647 0.911106 0.000170 0.001618 0.000897 0.002612 0.000069 0.001533 0.000016 0.000011 0.000185 0.000560 0.000286 0.001316 0.000231 0.000385 0.003529
0.026323 0.279092 0.175115 0.045254 0.033077 0.271886 0.008392 0.000345 0.020857 0.000426 0.002104 0.004003 0.002000 0.000093 0.004754 0.013220 0.012435 0.073018 0.000485 0.000117 0.005424 0.000546 0.003566 0.017468
0.320560 0.006469 0.129035 0.253332 0.036741 0.157020 0.000083 0.000018 0.000353 0.001414 0.000149 0.000776 0.000105 0.000018 0.000252 0.042045 0.000388 0.022249 0.003119 0.000096 0.024892 0.000346 0.000048 0.000492
0.000076 0.000012 0.000885 0.000016 0.000063 0.002222 0.027313 0.018960 0.934992 0.000022 0.001573 0.001992 0.000017 0.000006 0.000745 0.000001 0.000005 0.000665 0.000025 0.000176 0.001793 0.000674 0.000031 0.007734
0.000716 0.002207 0.000423 0.001807 0.003588 0.002552 0.000001 0.000009 0.000078 0.000004 0.000017 0.000025 0.000037 0.000039 0.000206 0.156347 0.038261 0.788835 0.000020 0.000005 0.000073 0.000021 0.000229 0.004497
0.062124 0.151347 0.693054 0.000280 0.000277 0.002078 0.000021 0.000021 0.000160 0.000015 0.000251 0.000416 0.001103 0.000047 0.003628 0.004549 0.000671 0.079664 0.000006 0.000009 0.000098 0.000002 0.000082 0.000099
0.012631 0.006759 0.026311 0.120159 0.051600 0.683283 0.000087 0.000005 0.000618 0.000423 0.002283 0.002174 0.018476 0.000350 0.030016 0.004035 0.001169 0.032218 0.001493 0.000126 0.001858 0.000089 0.000068 0.003768
0.165686 0.006086 0.140478 0.184574 0.005264 0.220260 0.000072 0.000005 0.001617 0.003243 0.001001 0.010064 0.004180 0.001016 0.010656 0.005401 0.001721 0.072838 0.034405 0.005888 0.120521 0.000272 0.000006 0.004746
0.837789 0.014309 0.131153 0.006797 0.000407 0.001876 0.000019 0.000001 0.000090 0.000396 0.000085 0.001041 0.001423 0.000076 0.000347 0.000217 0.000030 0.000447 0.000553 0.000746 0.002172 0.000009 0.000001 0.000015
0.000952 0.000017 0.001091 0.000274 0.000021 0.000355 0.000014 0.000263 0.000433 0.009730 0.000761 0.007642 0.000481 0.000207 0.005507 0.000066 0.000041 0.001202 0.009788 0.006385 0.949135 0.001984 0.000005 0.003646
0.427164 0.049810 0.158901 0.009693 0.000572 0.001777 0.000211 0.000126 0.001015 0.000300 0.000042 0.000100 0.008720 0.002544 0.003857 0.012820 0.014506 0.035055 0.086900 0.006687 0.178348 0.000524 0.000215 0.000110
0.014875 0.002893 0.269066 0.048778 0.001713 0.515402 0.000065 0.000001 0.000522 0.005301 0.002658 0.094462 0.000422 0.000312 0.013295 0.000305 0.000681 0.009632 0.002261 0.000369 0.015166 0.000101 0.000007 0.001713
0.006907 0.034365 0.955995 0.000058 0.000050 0.001459 0.000003 0.000000 0.000002 0.000015 0.000019 0.000151 0.000002 0.000000 0.000044 0.000096 0.000008 0.000818 0.000001 0.000000 0.000007 0.000000 0.000000 0.000001
0.000223 0.000074 0.002245 0.000006 0.000001 0.000045 0.001559 0.001112 0.994262 0.000000 0.000006 0.000016 0.000032 0.000001 0.000145 0.000000 0.000006 0.000123 0.000012 0.000003 0.000018 0.000007 0.000002 0.000102
0.864614 0.031893 0.064026 0.027454 0.000071 0.005599 0.000418 0.000028 0.004765 0.000034 0.000017 0.000071 0.000099 0.000005 0.000027 0.000008 0.000157 0.000143 0.000298 0.000037 0.000214 0.000015 0.000002 0.000003
0.372693 0.009012 0.016699 0.498964 0.001410 0.034091 0.000202 0.000004 0.005020 0.000540 0.000088 0.001107 0.003056 0.000369 0.000754 0.002414 0.006625 0.016836 0.024003 0.000564 0.005074 0.000234 0.000020 0.000221
0.373131 0.059862 0.511087 0.016224 0.000874 0.002510 0.000021 0.000001 0.000123 0.000123 0.000009 0.000195 0.000167 0.000095 0.000230 0.017395 0.001262 0.015880 0.000314 0.000031 0.000435 0.000017 0.000007 0.000008
0.055876 0.016926 0.704971 0.008744 0.001269 0.038607 0.000277 0.000001 0.000828 0.000394 0.000169 0.021819 0.002471 0.003968 0.051566 0.006382 0.004829 0.036710 0.010210 0.000962 0.032300 0.000087 0.000010 0.000625
0.000568 0.000375 0.002544 0.001597 0.001055 0.025507 0.000235 0.001394 0.012101 0.002774 0.009370 0.014047 0.000682 0.000425 0.202113 0.000146 0.001524 0.008502 0.011283 0.006087 0.649853 0.016968 0.000029 0.030820
0.255913 0.058166 0.130635 0.097764 0.023322 0.075971 0.000020 0.000002 0.000826 0.000243 0.000106 0.001069 0.000340 0.001909 0.001528 0.053872 0.061766 0.232565 0.000756 0.000432 0.002335 0.000139 0.000105 0.000213
0.127947 0.017892 0.184254 0.186663 0.011335 0.185165 0.000436 0.000007 0.002264 0.002636 0.000170 0.001847 0.002431 0.002298 0.006092 0.010223 0.004301 0.058432 0.139569 0.004523 0.047169 0.001597 0.000011 0.002738
0.000295 0.000208 0.003622 0.000216 0.000446 0.025977 0.000351 0.000034 0.000581 0.001421 0.007372 0.047783 0.002035 0.000433 0.903975 0.000014 0.000006 0.000877 0.000035 0.000008 0.000283 0.000245 0.000009 0.003774
0.002616 0.021412 0.043073 0.000193 0.001596 0.002754 0.000019 0.000001 0.000009 0.000057 0.000268 0.000557 0.000003 0.000053 0.000092 0.084679 0.007596 0.834840 0.000006 0.000007 0.000016 0.000012 0.000019 0.000122
0.000455 0.000111 0.001373 0.000057 0.000044 0.000675 0.004722 0.001103 0.983912 0.000002 0.000280 0.000187 0.000046 0.000021 0.000208 0.000031 0.000036 0.005296 0.000007 0.000021 0.000131 0.000123 0.000050 0.001110
0.000055 0.000030 0.001157 0.015253 0.002293 0.979522 0.000010 0.000000 0.000021 0.000169 0.000110 0.000294 0.000000 0.000000 0.000012 0.000047 0.000004 0.000880 0.000014 0.000000 0.000106 0.000008 0.000000 0.000014
0.113907 0.003569 0.191947 0.167968 0.006115 0.349783 0.000485 0.000007 0.001076 0.022968 0.000673 0.012258 0.000460 0.000261 0.016046 0.003186 0.000238 0.011257 0.028495 0.002325 0.065679 0.000298 0.000004 0.000996
0.000058 0.000001 0.000743 0.000036 0.000012 0.001363 0.000069 0.000057 0.000099 0.022570 0.001951 0.816333 0.000009 0.000082 0.027100 0.000013 0.000001 0.001583 0.000116 0.000246 0.124651 0.000984 0.000003 0.001922
0.010351 0.002678 0.110024 0.008348 0.002776 0.217649 0.000051 0.000000 0.000691 0.001793 0.002377 0.057643 0.000124 0.000817 0.117904 0.008046 0.000218 0.447524 0.000107 0.000035 0.009756 0.000246 0.000033 0.000809
0.467313 0.063670 0.268645 0.119771 0.003291 0.019607 0.000031 0.000001 0.000219 0.011180 0.000435 0.001578 0.000312 0.000077 0.001616 0.021803 0.000277 0.010509 0.002732 0.001120 0.005598 0.000131 0.000004 0.000082
0.217948 0.013559 0.148118 0.008035 0.002036 0.003751 0.000074 0.000001 0.001200 0.000616 0.000099 0.006125 0.000731 0.002090 0.024121 0.115103 0.003281 0.408504 0.006449 0.001076 0.036318 0.000081 0.000015 0.000668
0.763386 0.025265 0.016516 0.156256 0.009883 0.002072 0.000031 0.000000 0.000165 0.000375 0.000029 0.000095 0.001259 0.000075 0.001060 0.011937 0.000274 0.007270 0.002980 0.000097 0.000917 0.000027 0.000004 0.000026
0.007356 0.000032 0.000554 0.000371 0.000031 0.000026 0.002028 0.001188 0.013943 0.015107 0.000448 0.003792 0.004375 0.007906 0.020178 0.000040 0.000046 0.000352 0.069666 0.145250 0.700169 0.006850 0.000021 0.000273
0.000841 0.000081 0.001159 0.531697 0.014689 0.449938 0.000004 0.000000 0.000005 0.000112 0.000040 0.000062 0.000000 0.000000 0.000013 0.000087 0.000016 0.000597 0.000225 0.000006 0.000409 0.000014 0.000000 0.000005
0.000040 0.000001 0.000680 0.000157 0.000020 0.002572 0.000034 0.000023 0.000114 0.004924 0.003274 0.862381 0.000028 0.000328 0.013625 0.000063 0.000002 0.003882 0.000114 0.000124 0.100169 0.002234 0.000006 0.005204
0.004697 0.001800 0.160994 0.000156 0.000200 0.001654 0.000015 0.000000 0.000068 0.000037 0.000031 0.005358 0.000039 0.000345 0.004487 0.004036 0.000188 0.814533 0.000015 0.000010 0.001262 0.000005 0.000017 0.000052
0.000125 0.001693 0.000223 0.000614 0.005966 0.000331 0.000000 0.000000 0.000075 0.000006 0.000059 0.000009 0.000012 0.000607 0.000078 0.090605 0.497083 0.401503 0.000023 0.000094 0.000049 0.000127 0.000147 0.000572
0.000022 0.000006 0.000019 0.000041 0.000356 0.000068 0.000002 0.000066 0.000577 0.000017 0.001314 0.000180 0.022887 0.849850 0.100853 0.001980 0.006234 0.006592 0.000093 0.000289 0.000916 0.000741 0.001644 0.005252
0.006089 0.000106 0.036773 0.027644 0.011502 0.679356 0.000264 0.000004 0.000221 0.004450 0.002886 0.080040 0.000030 0.003378 0.008596 0.000525 0.000290 0.011064 0.001672 0.000524 0.123308 0.001027 0.000072 0.000181
0.072736 0.004733 0.023973 0.041792 0.010374 0.042155 0.000091 0.000001 0.001507 0.000218 0.000549 0.020572 0.046909 0.045522 0.129647 0.154396 0.010276 0.205160 0.009766 0.000326 0.174934 0.001758 0.000509 0.002099
0.000560 0.000008 0.000766 0.000603 0.000072 0.000957 0.000115 0.000000 0.000063 0.000272 0.000004 0.000429 0.000082 0.000204 0.000348 0.000175 0.000006 0.000140 0.052384 0.000410 0.941824 0.000554 0.000001 0.000022
0.003445 0.000546 0.038164 0.051991 0.031277 0.854454 0.000115 0.000000 0.000013 0.002539 0.001978 0.006074 0.000000 0.000001 0.000086 0.000526 0.000007 0.007783 0.000068 0.000014 0.000838 0.000038 0.000001 0.000038
0.001071 0.000382 0.000407 0.000075 0.000190 0.000066 0.000000 0.000000 0.000011 0.000003 0.000003 0.000063 0.000004 0.000042 0.000607 0.029941 0.000647 0.966063 0.000008 0.000003 0.000154 0.000018 0.000007 0.000234
0.005519 0.004065 0.890703 0.002955 0.001205 0.086827 0.000060 0.000000 0.000020 0.001558 0.000461 0.003933 0.000002 0.000001 0.000283 0.000045 0.000003 0.001271 0.000061 0.000014 0.001003 0.000005 0.000000 0.000008
0.248432 0.050068 0.668537 0.007430 0.006631 0.003218 0.000037 0.000001 0.000087 0.000167 0.000074 0.000217 0.000094 0.000043 0.001161 0.003850 0.000230 0.009467 0.000052 0.000020 0.000166 0.000005 0.000004 0.000008
0.000638 0.000566 0.005310 0.007301 0.003362 0.008001 0.000018 0.000037 0.002309 0.001269 0.006749 0.001622 0.000346 0.000684 0.021246 0.139286 0.011357 0.766591 0.000392 0.000030 0.007253 0.003054 0.000126 0.012452
0.000769 0.000129 0.001460 0.642035 0.030533 0.315937 0.000006 0.000000 0.000009 0.000381 0.000084 0.000335 0.000001 0.000005 0.000019 0.001211 0.000145 0.002813 0.001674 0.000044 0.002340 0.000057 0.000002 0.000008
0.416299 0.028643 0.497857 0.000389 0.001712 0.000027 0.000254 0.000007 0.000252 0.000162 0.000028 0.000039 0.020774 0.000255 0.003309 0.006192 0.000213 0.001613 0.014186 0.002439 0.005150 0.000119 0.000008 0.000074
0.053033 0.036725 0.007877 0.120427 0.073180 0.023765 0.000005 0.000001 0.000032 0.000033 0.000050 0.000023 0.000156 0.000097 0.000707 0.200494 0.010063 0.472203 0.000900 0.000005 0.000086 0.000022 0.000060 0.000056
0.000500 0.000034 0.000330 0.001630 0.000026 0.000254 0.000112 0.000112 0.006324 0.000118 0.000236 0.000025 0.405549 0.004651 0.062383 0.000031 0.000055 0.000063 0.337504 0.008365 0.170442 0.001057 0.000033 0.000166
0.213300 0.161131 0.600969 0.015487 0.000340 0.001147 0.000011 0.000001 0.000078 0.000019 0.000024 0.000054 0.001632 0.000028 0.000098 0.000803 0.001246 0.000897 0.000475 0.000579 0.001668 0.000002 0.000010 0.000003
0.000073 0.000005 0.026788 0.000038 0.000010 0.005318 0.000048 0.000002 0.000228 0.004181 0.000109 0.951315 0.000004 0.000004 0.000318 0.000008 0.000000 0.000962 0.000007 0.000005 0.010383 0.000045 0.000000 0.000151
0.084334 0.004191 0.285955 0.191144 0.002817 0.123112 0.000098 0.000004 0.004109 0.009331 0.000533 0.014716 0.003334 0.000517 0.006413 0.009629 0.001208 0.039813 0.056447 0.001897 0.158023 0.000629 0.000004 0.001741
0.012815 0.012338 0.802486 0.005510 0.001090 0.054886 0.000060 0.000000 0.000452 0.000326 0.000456 0.015243 0.000190 0.000130 0.007637 0.002636 0.002087 0.068771 0.000670 0.000049 0.011772 0.000009 0.000003 0.000384
0.036201 0.009696 0.668933 0.070452 0.001449 0.105280 0.000058 0.000001 0.000740 0.002785 0.000557 0.010343 0.000413 0.000148 0.005009 0.003455 0.001627 0.030065 0.007178 0.000591 0.044288 0.000050 0.000003 0.000677
0.000027 0.000002 0.000031 0.000006 0.000000 0.000002 0.002158 0.000308 0.996813 0.000004 0.000004 0.000006 0.000040 0.000001 0.000048 0.000000 0.000001 0.000006 0.000137 0.000139 0.000180 0.000035 0.000000 0.000050
0.745791 0.054692 0.080460 0.021528 0.003910 0.001266 0.000312 0.000319 0.000581 0.000214 0.000022 0.000031 0.001064 0.000021 0.000177 0.033672 0.002378 0.011387 0.032936 0.002656 0.006169 0.000256 0.000043 0.000114
0.022041 0.013281 0.327847 0.019058 0.010829 0.234520 0.000354 0.000010 0.002395 0.006629 0.001851 0.084526 0.002278 0.001016 0.081534 0.006726 0.005506 0.032668 0.026498 0.001396 0.098711 0.000962 0.000011 0.019349
0.662627 0.006702 0.196964 0.093727 0.001206 0.009979 0.000052 0.000003 0.000264 0.001115 0.000024 0.000385 0.000231 0.000015 0.001071 0.000266 0.000040 0.000897 0.006761 0.000846 0.016741 0.000047 0.000001 0.000035
0.161382 0.013312 0.272914 0.085846 0.010898 0.074824 0.000152 0.000004 0.001822 0.001483 0.000208 0.018796 0.014564 0.006199 0.026882 0.031980 0.017147 0.120881 0.044622 0.001965 0.089413 0.000177 0.000032 0.004496
0.002799 0.001248 0.991214 0.000126 0.000054 0.003098 0.000026 0.000000 0.000010 0.000242 0.000030 0.000777 0.000000 0.000000 0.000024 0.000009 0.000000 0.000210 0.000004 0.000002 0.000125 0.000000 0.000000 0.000002
0.004532 0.000131 0.010355 0.000735 0.000021 0.000264 0.000023 0.000163 0.000231 0.007177 0.001488 0.012703 0.008222 0.002863 0.010133 0.000873 0.000314 0.002593 0.053880 0.037852 0.840636 0.002830 0.000028 0.001952
0.749001 0.073795 0.164903 0.010037 0.000274 0.000197 0.000018 0.000001 0.000027 0.000043 0.000009 0.000022 0.000321 0.000003 0.000029 0.000165 0.000027 0.000071 0.000588 0.000171 0.000291 0.000003 0.000001 0.000001
0.192084 0.012775 0.775630 0.007792 0.000623 0.001508 0.000115 0.000021 0.000169 0.000611 0.000021 0.000072 0.000159 0.000002 0.000117 0.000942 0.000025 0.000602 0.003704 0.000379 0.002591 0.000030 0.000001 0.000027
0.549410 0.035624 0.061648 0.327934 0.009991 0.005613 0.000074 0.000008 0.000063 0.001584 0.000058 0.000058 0.000085 0.000004 0.000020 0.002887 0.000246 0.000805 0.002588 0.000283 0.000961 0.000047 0.000003 0.000007
0.609932 0.005680 0.366811 0.001930 0.000329 0.000183 0.002200 0.000023 0.001226 0.000602 0.000011 0.000189 0.001815 0.000012 0.000101 0.000129 0.000019 0.000139 0.002654 0.000628 0.005351 0.000033 0.000001 0.000005
0.009077 0.000479 0.029709 0.007349 0.000178 0.001779 0.001361 0.000023 0.000332 0.004356 0.000025 0.000253 0.000727 0.000017 0.000087 0.000114 0.000016 0.000176 0.685346 0.007085 0.251209 0.000222 0.000000 0.000080
0.002922 0.004210 0.123483 0.000563 0.000786 0.041390 0.000029 0.000002 0.002488 0.000270 0.001957 0.013799 0.000403 0.000091 0.182155 0.002981 0.000906 0.604778 0.000136 0.000025 0.003924 0.000041 0.000017 0.012642
0.025337 0.000263 0.003165 0.853963 0.010983 0.063762 0.000018 0.000000 0.000017 0.000243 0.000023 0.000033 0.000023 0.000013 0.000020 0.001128 0.000046 0.000928 0.034684 0.000331 0.004950 0.000058 0.000000 0.000010
0.104860 0.003290 0.002238 0.807618 0.033550 0.017675 0.000017 0.000000 0.000032 0.000167 0.000029 0.000045 0.000059 0.000025 0.000019 0.008434 0.001173 0.007985 0.010727 0.000271 0.001729 0.000043 0.000003 0.000012
0.647102 0.051243 0.142752 0.129950 0.003924 0.007689 0.000037 0.000001 0.000277 0.000850 0.000123 0.001968 0.001214 0.000096 0.000424 0.001684 0.000258 0.004064 0.003730 0.000602 0.001958 0.000015 0.000001 0.000039
0.815301 0.021464 0.125812 0.032680 0.001924 0.000672 0.000021 0.000000 0.000018 0.000227 0.000012 0.000030 0.000042 0.000003 0.000025 0.000634 0.000023 0.000343 0.000450 0.000068 0.000243 0.000005 0.000000 0.000001
0.035375 0.010435 0.946346 0.000991 0.000694 0.004111 0.000094 0.000000 0.000016 0.000275 0.000108 0.000783 0.000003 0.000000 0.000077 0.000038 0.000001 0.000599 0.000015 0.000003 0.000033 0.000001 0.000000 0.000001
0.221363 0.043026 0.622149 0.005006 0.004501 0.002051 0.000075 0.000005 0.000622 0.000090 0.000026 0.000192 0.001371 0.000337 0.006337 0.029662 0.003766 0.033305 0.008268 0.001241 0.016178 0.000101 0.000007 0.000323
0.000223 0.000031 0.000214 0.000048 0.000035 0.000176 0.000014 0.000007 0.000157 0.000090 0.000056 0.000256 0.008645 0.001616 0.980538 0.000236 0.000124 0.000556 0.000668 0.000040 0.004651 0.000091 0.000045 0.001483
0.001466 0.003324 0.000150 0.000255 0.000775 0.000013 0.000011 0.000009 0.000023 0.000087 0.000006 0.000002 0.001122 0.019845 0.009202 0.143765 0.773367 0.026440 0.013900 0.001645 0.001144 0.001067 0.000961 0.001423
0.035589 0.011028 0.025519 0.001059 0.001204 0.000613 0.000339 0.000018 0.002042 0.000308 0.000178 0.000396 0.053478 0.039701 0.663673 0.077646 0.009493 0.044188 0.019236 0.000673 0.007117 0.002251 0.000715 0.003536
0.004108 0.004276 0.878533 0.003657 0.002172 0.098059 0.000289 0.000000 0.000065 0.000925 0.000097 0.004677 0.000001 0.000002 0.000102 0.000576 0.000006 0.001841 0.000156 0.000007 0.000441 0.000007 0.000001 0.000003
0.000003 0.000007 0.000007 0.000002 0.000006 0.000002 0.000000 0.000001 0.000038 0.000000 0.000010 0.000003 0.000338 0.981834 0.012712 0.001004 0.002295 0.001366 0.000086 0.000180 0.000066 0.000003 0.000014 0.000022
0.002292 0.001719 0.973998 0.000131 0.000025 0.018250 0.000048 0.000000 0.000032 0.000123 0.000109 0.002123 0.000000 0.000000 0.000105 0.000013 0.000005 0.000940 0.000004 0.000003 0.000077 0.000000 0.000000 0.000004
0.000174 0.000055 0.004822 0.018853 0.004751 0.672850 0.000014 0.000000 0.000049 0.039595 0.012316 0.232701 0.000001 0.000014 0.001775 0.000449 0.000008 0.007186 0.000115 0.000006 0.003105 0.000390 0.000003 0.000768
0.402115 0.007507 0.587399 0.000066 0.000047 0.000027 0.000061 0.000001 0.000024 0.000055 0.000002 0.000045 0.000229 0.000028 0.000353 0.000103 0.000002 0.000160 0.000847 0.000064 0.000863 0.000002 0.000000 0.000001
0.010200 0.011296 0.660988 0.004578 0.004601 0.190705 0.000130 0.000000 0.000359 0.000680 0.000702 0.033834 0.000048 0.000107 0.010018 0.000922 0.000261 0.064963 0.000711 0.000042 0.004589 0.000014 0.000001 0.000251
0.120450 0.007782 0.235494 0.028454 0.004089 0.050909 0.000111 0.000003 0.003656 0.019211 0.001252 0.103838 0.003405 0.013566 0.026708 0.037981 0.003311 0.100971 0.086449 0.004332 0.137549 0.005704 0.000020 0.004755
0.002297 0.000441 0.185143 0.004663 0.002081 0.594771 0.000139 0.000001 0.001583 0.005810 0.005655 0.074452 0.000007 0.000042 0.008526 0.001000 0.000038 0.105780 0.000202 0.000023 0.006116 0.000337 0.000002 0.000894
0.004170 0.002808 0.004080 0.122181 0.030150 0.039276 0.000019 0.000005 0.000147 0.001621 0.000154 0.000198 0.000011 0.000061 0.000076 0.317407 0.007683 0.372605 0.085902 0.000584 0.009190 0.000858 0.000005 0.000806
0.036613 0.004274 0.183958 0.001979 0.000436 0.015120 0.000089 0.000000 0.001816 0.000832 0.000387 0.086392 0.001320 0.008421 0.304275 0.016790 0.003576 0.289006 0.003462 0.000446 0.039497 0.000211 0.000034 0.001065
0.000291 0.000259 0.042111 0.008770 0.005199 0.931496 0.000008 0.000000 0.000007 0.000198 0.000172 0.001596 0.000000 0.000001 0.000072 0.000188 0.000006 0.009320 0.000051 0.000002 0.000233 0.000004 0.000000 0.000014
0.093157 0.047583 0.790752 0.007919 0.002448 0.024728 0.000047 0.000000 0.000153 0.000381 0.000158 0.005267 0.000114 0.000099 0.002239 0.004223 0.000362 0.017818 0.000502 0.000061 0.001936 0.000006 0.000002 0.000044
0.014465 0.007301 0.329066 0.047331 0.005828 0.537831 0.000155 0.000000 0.000261 0.004539 0.001050 0.017700 0.000041 0.000046 0.003198 0.000852 0.000143 0.016305 0.003518 0.000255 0.009871 0.000032 0.000001 0.000212
0.236928 0.454436 0.304750 0.000347 0.000538 0.000265 0.000041 0.000000 0.000010 0.000029 0.000028 0.000041 0.000141 0.000022 0.000029 0.001328 0.000144 0.000786 0.000021 0.000003 0.000106 0.000001 0.000003 0.000001
0.109221 0.012395 0.072919 0.094103 0.010543 0.024482 0.000453 0.000006 0.002467 0.007813 0.000407 0.006034 0.019485 0.001965 0.025428 0.008802 0.001227 0.031974 0.467318 0.004697 0.092027 0.001258 0.000012 0.004965
0.000294 0.000179 0.002325 0.023818 0.014896 0.933793 0.000069 0.000001 0.000117 0.002344 0.005414 0.009707 0.000004 0.000007 0.000386 0.000192 0.000011 0.004677 0.000097 0.000004 0.001188 0.000191 0.000002 0.000284
0.028176 0.008270 0.959363 0.000117 0.000382 0.001653 0.000021 0.000000 0.000011 0.000060 0.000021 0.000534 0.000007 0.000006 0.000422 0.000142 0.000003 0.000695 0.000018 0.000004 0.000092 0.000001 0.000000 0.000001
0.728647 0.022868 0.241382 0.000828 0.000589 0.000236 0.000085 0.000002 0.000150 0.000158 0.000022 0.000134 0.001309 0.000310 0.000767 0.000171 0.000019 0.000190 0.001079 0.000413 0.000632 0.000006 0.000001 0.000002
0.027990 0.045367 0.026790 0.002236 0.005992 0.002415 0.000002 0.000000 0.000007 0.000007 0.000005 0.000042 0.000002 0.000122 0.000039 0.122843 0.014641 0.751249 0.000084 0.000014 0.000118 0.000011 0.000012 0.000014
0.014029 0.008674 0.969730 0.000223 0.000276 0.004171 0.000057 0.000000 0.000032 0.000190 0.000281 0.001195 0.000003 0.000001 0.000105 0.000048 0.000001 0.000954 0.000002 0.000001 0.000022 0.000001 0.000000 0.000002
0.000113 0.001267 0.000206 0.000540 0.002120 0.000802 0.000000 0.000000 0.000172 0.000005 0.000056 0.000011 0.000021 0.002632 0.000947 0.042642 0.440281 0.507532 0.000020 0.000077 0.000081 0.000059 0.000050 0.000367
0.000309 0.000042 0.010863 0.047953 0.001316 0.928452 0.000031 0.000000 0.000027 0.001105 0.000300 0.005397 0.000000 0.000001 0.000095 0.000267 0.000007 0.002991 0.000092 0.000002 0.000718 0.000018 0.000001 0.000011
0.207773 0.019945 0.664316 0.014082 0.002513 0.010211 0.000152 0.000002 0.000982 0.001274 0.000242 0.010671 0.001937 0.000525 0.004555 0.010691 0.001112 0.025732 0.009556 0.000595 0.012741 0.000130 0.000004 0.000258
0.094469 0.070499 0.830838 0.000408 0.000074 0.000512 0.000011 0.000000 0.000005 0.000031 0.000006 0.000082 0.000004 0.000001 0.000032 0.000459 0.000015 0.002522 0.000006 0.000000 0.000022 0.000001 0.000000 0.000000
0.012649 0.001858 0.018130 0.456549 0.109242 0.360622 0.000010 0.000000 0.000042 0.000286 0.000162 0.001276 0.000028 0.000117 0.000103 0.012740 0.000689 0.023780 0.000822 0.000032 0.000708 0.000116 0.000002 0.000037
0.042677 0.010092 0.940633 0.000473 0.000605 0.001259 0.000062 0.000000 0.000019 0.000186 0.000144 0.002368 0.000053 0.000022 0.000498 0.000100 0.000009 0.000579 0.000040 0.000031 0.000144 0.000003 0.000000 0.000003
0.005826 0.002730 0.359604 0.033150 0.007891 0.549372 0.000409 0.000001 0.000155 0.004905 0.000911 0.014949 0.000031 0.000025 0.002361 0.000188 0.000023 0.003419 0.003880 0.000236 0.009758 0.000101 0.000000 0.000074
0.000786 0.000610 0.053390 0.014548 0.012882 0.750372 0.000031 0.000000 0.000064 0.000182 0.000860 0.018520 0.000007 0.000126 0.002215 0.001507 0.000354 0.142105 0.000105 0.000007 0.001077 0.000038 0.000002 0.000212
0.041330 0.001885 0.140579 0.012493 0.001551 0.010273 0.000650 0.000014 0.001788 0.087456 0.001425 0.125220 0.010410 0.069639 0.024597 0.022796 0.004807 0.025957 0.122673 0.019689 0.261953 0.009289 0.000022 0.003506
0.004733 0.000127 0.003156 0.552935 0.009742 0.415928 0.000010 0.000000 0.000038 0.000380 0.000034 0.000239 0.000005 0.000016 0.000090 0.000584 0.000065 0.001933 0.003929 0.000125 0.005793 0.000123 0.000000 0.000015
0.000649 0.000460 0.002118 0.002192 0.002773 0.087589 0.000008 0.000002 0.000831 0.000037 0.000679 0.007331 0.001610 0.049676 0.330994 0.028733 0.003839 0.477588 0.000038 0.000004 0.000846 0.000212 0.000327 0.001463
0.000044 0.000007 0.002350 0.003436 0.000262 0.472583 0.000033 0.000000 0.000172 0.008582 0.000473 0.499928 0.000001 0.000009 0.000403 0.000098 0.000004 0.002484 0.000043 0.000003 0.008164 0.000780 0.000001 0.000142
0.000112 0.000025 0.009117 0.012755 0.001147 0.917778 0.000128 0.000000 0.000052 0.004669 0.000205 0.050303 0.000000 0.000002 0.000118 0.000133 0.000003 0.002751 0.000055 0.000001 0.000529 0.000024 0.000000 0.000095
0.148593 0.041492 0.646832 0.002310 0.000194 0.001174 0.000013 0.000000 0.000188 0.000037 0.000002 0.000787 0.000066 0.000188 0.000437 0.030050 0.000812 0.126139 0.000115 0.000005 0.000551 0.000004 0.000003 0.000008
0.000107 0.000012 0.000778 0.000000 0.000001 0.000004 0.008044 0.000147 0.990378 0.000000 0.000001 0.000018 0.000003 0.000001 0.000272 0.000001 0.000000 0.000189 0.000005 0.000004 0.000022 0.000005 0.000000 0.000008
0.000153 0.000026 0.000447 0.000001 0.000002 0.000014 0.001161 0.000301 0.996647 0.000002 0.000002 0.000055 0.000010 0.000005 0.000322 0.000004 0.000001 0.000583 0.000014 0.000034 0.000163 0.000004 0.000001 0.000050
0.000220 0.000856 0.001055 0.000069 0.000232 0.001427 0.000001 0.000001 0.000459 0.000004 0.000022 0.000216 0.000009 0.000138 0.009724 0.027821 0.008039 0.948757 0.000007 0.000002 0.000082 0.000008 0.000014 0.000836
0.098735 0.041175 0.593985 0.005602 0.005350 0.243785 0.000015 0.000001 0.000041 0.000501 0.000519 0.002170 0.000037 0.000005 0.001406 0.000307 0.000012 0.005641 0.000037 0.000002 0.000659 0.000004 0.000002 0.000008
0.032179 0.000596 0.000387 0.643599 0.022250 0.074409 0.000003 0.000001 0.000191 0.001026 0.000833 0.000400 0.026202 0.003132 0.004952 0.122851 0.004491 0.024631 0.032631 0.000106 0.002820 0.000618 0.000043 0.001651
0.014296 0.000136 0.007057 0.001652 0.000164 0.007874 0.000062 0.000006 0.001202 0.005247 0.000220 0.005709 0.058188 0.001283 0.030622 0.001523 0.000127 0.003680 0.126773 0.001170 0.726886 0.004466 0.000014 0.001644
0.000169 0.000008 0.000067 0.002020 0.000072 0.000725 0.000007 0.000010 0.000143 0.000754 0.000024 0.000126 0.000201 0.000049 0.000102 0.000995 0.000136 0.000401 0.503917 0.002575 0.482309 0.004749 0.000002 0.000440
0.009830 0.001459 0.037843 0.248764 0.006059 0.690322 0.000013 0.000000 0.000010 0.000550 0.000327 0.001704 0.000016 0.000005 0.000153 0.000428 0.000104 0.001190 0.000679 0.000018 0.000501 0.000006 0.000001 0.000019
0.019493 0.006013 0.017951 0.167851 0.026817 0.065082 0.000005 0.000000 0.000111 0.000118 0.000066 0.000667 0.000065 0.000458 0.000190 0.347004 0.055869 0.283684 0.003188 0.000180 0.004683 0.000119 0.000024 0.000364
0.286500 0.046219 0.610365 0.001113 0.000245 0.000096 0.000352 0.000027 0.000044 0.000182 0.000007 0.000005 0.001072 0.000023 0.000361 0.000398 0.000076 0.000130 0.038062 0.005522 0.009164 0.000031 0.000003 0.000002
0.161184 0.024839 0.807396 0.001290 0.000184 0.001228 0.000117 0.000001 0.000018 0.000021 0.000024 0.000268 0.001056 0.000126 0.001022 0.000099 0.000028 0.000212 0.000359 0.000095 0.000424 0.000002 0.000003 0.000003
0.000402 0.000554 0.003884 0.000577 0.001236 0.245875 0.000093 0.000005 0.000848 0.000044 0.001654 0.007661 0.000204 0.000218 0.724237 0.000046 0.000321 0.005297 0.000024 0.000002 0.000460 0.000044 0.000040 0.006275
0.165558 0.010898 0.606445 0.035569 0.002121 0.093640 0.001007 0.000013 0.000424 0.005419 0.000022 0.001825 0.000060 0.000045 0.004419 0.002803 0.000069 0.000704 0.041822 0.000246 0.026697 0.000146 0.000003 0.000045
0.238625 0.005468 0.073625 0.032464 0.001054 0.005544 0.001181 0.000003 0.000700 0.000225 0.000018 0.000178 0.000808 0.000226 0.012333 0.003287 0.000574 0.012929 0.569330 0.001574 0.039277 0.000099 0.000006 0.000474
0.001282 0.000089 0.003894 0.014542 0.002493 0.286683 0.000209 0.000013 0.000399 0.012790 0.004030 0.032207 0.000419 0.000222 0.563924 0.000509 0.000024 0.019403 0.015077 0.000048 0.028624 0.001013 0.000024 0.012080
0.010120 0.005418 0.000644 0.000143 0.000272 0.000066 0.000000 0.000000 0.000147 0.000014 0.000011 0.000027 0.000297 0.003186 0.043246 0.107239 0.100548 0.727256 0.000045 0.000176 0.000061 0.000047 0.000792 0.000246
0.033144 0.004004 0.019083 0.003858 0.003957 0.003509 0.000056 0.000122 0.006184 0.009364 0.001594 0.001916 0.023848 0.012257 0.173457 0.023738 0.018260 0.238536 0.211082 0.029212 0.127686 0.025685 0.000532 0.028917
0.000571 0.000008 0.000454 0.001029 0.000057 0.000198 0.000035 0.000102 0.000767 0.004482 0.000055 0.000636 0.000776 0.000076 0.003135 0.000122 0.000032 0.000189 0.249935 0.006638 0.719605 0.009870 0.000030 0.001198
0.103303 0.008473 0.491764 0.016257 0.001674 0.006030 0.000090 0.000001 0.001361 0.000355 0.000089 0.019025 0.005397 0.000472 0.007125 0.035982 0.011295 0.221398 0.011986 0.000883 0.054998 0.000024 0.000097 0.001920
0.000448 0.000263 0.164214 0.000668 0.000221 0.025701 0.000036 0.000001 0.000666 0.009398 0.000783 0.440425 0.000022 0.000010 0.001903 0.000133 0.000196 0.019906 0.001050 0.000108 0.332505 0.000154 0.000005 0.001182
0.017253 0.002804 0.794603 0.013767 0.000867 0.079275 0.000046 0.000000 0.000528 0.002323 0.000380 0.027694 0.000353 0.000066 0.015815 0.000267 0.000109 0.005299 0.003491 0.000534 0.034041 0.000042 0.000001 0.000441
0.000298 0.000041 0.051095 0.009092 0.003858 0.917350 0.000045 0.000000 0.000047 0.001800 0.000339 0.009203 0.000001 0.000001 0.001435 0.000034 0.000001 0.002948 0.000153 0.000004 0.002047 0.000012 0.000000 0.000198
0.007878 0.000306 0.005244 0.853234 0.007362 0.116689 0.000006 0.000000 0.000020 0.000896 0.000040 0.000134 0.000006 0.000001 0.000020 0.000739 0.000029 0.000947 0.004934 0.000047 0.001450 0.000010 0.000000 0.000007
0.071586 0.017268 0.033455 0.010578 0.002430 0.008497 0.000004 0.000003 0.002791 0.000110 0.000080 0.000728 0.042322 0.024680 0.150234 0.178905 0.047117 0.402892 0.001709 0.000050 0.003055 0.000141 0.000757 0.000607
0.000194 0.000048 0.012141 0.067322 0.010894 0.900371 0.000012 0.000000 0.000007 0.001184 0.000407 0.001491 0.000000 0.000001 0.000010 0.001303 0.000022 0.003816 0.000496 0.000003 0.000242 0.000013 0.000000 0.000023
0.020531 0.001952 0.969863 0.000464 0.001603 0.002877 0.000149 0.000000 0.000015 0.000188 0.000066 0.000771 0.000005 0.000001 0.000297 0.000152 0.000001 0.000800 0.000099 0.000006 0.000152 0.000002 0.000000 0.000004
0.001804 0.000978 0.019361 0.052873 0.139258 0.473091 0.000128 0.000011 0.001528 0.000704 0.008741 0.001828 0.000311 0.000114 0.043751 0.033438 0.001582 0.202523 0.002830 0.000013 0.003405 0.000875 0.000065 0.010789
0.002038 0.000572 0.951568 0.000791 0.000167 0.038028 0.000115 0.000001 0.000053 0.002032 0.000057 0.002544 0.000004 0.000000 0.000369 0.000021 0.000000 0.000172 0.000225 0.000004 0.001231 0.000002 0.000000 0.000006
0.003188 0.000167 0.005671 0.003053 0.000413 0.007731 0.000025 0.000002 0.000899 0.002014 0.000314 0.003867 0.020884 0.000346 0.924989 0.003646 0.000100 0.006859 0.003548 0.000023 0.004104 0.000179 0.000011 0.007969
0.000535 0.000009 0.008952 0.000498 0.000333 0.023548 0.000189 0.000002 0.000534 0.006330 0.000582 0.955374 0.000003 0.000003 0.000387 0.000036 0.000000 0.002062 0.000003 0.000002 0.000497 0.000021 0.000000 0.000099
0.457584 0.005263 0.230323 0.191854 0.004923 0.070616 0.000080 0.000001 0.000592 0.009072 0.000038 0.001038 0.000126 0.000009 0.001067 0.000410 0.000006 0.003189 0.007692 0.000219 0.015835 0.000052 0.000001 0.000007
0.000119 0.000002 0.000262 0.000004 0.000000 0.000016 0.002022 0.000102 0.997045 0.000005 0.000003 0.000043 0.000003 0.000000 0.000131 0.000000 0.000000 0.000031 0.000011 0.000021 0.000168 0.000007 0.000000 0.000004
0.000156 0.000009 0.012474 0.000003 0.000004 0.000268 0.000323 0.000038 0.000303 0.130848 0.002490 0.842469 0.000005 0.000003 0.000405 0.000002 0.000000 0.000062 0.000016 0.000031 0.009986 0.000021 0.000000 0.000084
0.001862 0.000114 0.000371 0.004782 0.000853 0.001295 0.000135 0.001044 0.001429 0.095070 0.001219 0.005972 0.003952 0.036032 0.024723 0.011175 0.004864 0.004213 0.195736 0.313387 0.285749 0.002877 0.000102 0.003044
0.151191 0.022497 0.824278 0.000164 0.000040 0.000547 0.000048 0.000001 0.000024 0.000015 0.000013 0.000169 0.000038 0.000002 0.000313 0.000058 0.000007 0.000499 0.000031 0.000005 0.000059 0.000000 0.000001 0.000001
0.001971 0.006774 0.083204 0.000665 0.002026 0.337084 0.000066 0.000002 0.000460 0.000132 0.000729 0.022507 0.001261 0.000947 0.493814 0.000581 0.000593 0.040501 0.000537 0.000003 0.003291 0.000032 0.000017 0.002802
0.142292 0.027073 0.164460 0.039600 0.006806 0.054696 0.000035 0.000017 0.003041 0.051658 0.002292 0.074610 0.003827 0.001553 0.037344 0.020422 0.013319 0.067440 0.084448 0.004424 0.169278 0.004682 0.000075 0.026608
0.000034 0.000006 0.000976 0.000330 0.000087 0.015424 0.000043 0.000010 0.000054 0.237267 0.007052 0.735740 0.000000 0.000000 0.000035 0.000030 0.000001 0.000312 0.000021 0.000005 0.001613 0.000128 0.000000 0.000830
0.000096 0.000038 0.009257 0.006811 0.000808 0.959257 0.000059 0.000001 0.000043 0.002901 0.000130 0.017894 0.000000 0.000000 0.000040 0.000087 0.000002 0.001869 0.000044 0.000001 0.000502 0.000008 0.000000 0.000153
0.007473 0.002972 0.977596 0.000079 0.000191 0.002304 0.000028 0.000000 0.000015 0.000271 0.000078 0.007442 0.000001 0.000000 0.000301 0.000020 0.000001 0.001170 0.000004 0.000002 0.000040 0.000000 0.000000 0.000009
0.454288 0.007008 0.237660 0.023235 0.000912 0.004732 0.000237 0.000005 0.000350 0.001872 0.000009 0.000304 0.000624 0.000038 0.000688 0.000416 0.000023 0.000939 0.174097 0.002491 0.090033 0.000020 0.000000 0.000020
0.000242 0.000081 0.004190 0.013052 0.001316 0.298780 0.000014 0.000007 0.000160 0.388844 0.012592 0.259551 0.000001 0.000002 0.001484 0.001224 0.000003 0.012336 0.000034 0.000007 0.001240 0.000459 0.000005 0.004376
0.003964 0.006105 0.002844 0.000254 0.000267 0.000055 0.000000 0.000000 0.000016 0.000012 0.000001 0.000007 0.000009 0.000013 0.000043 0.721380 0.006867 0.257945 0.000079 0.000004 0.000019 0.000002 0.000005 0.000107
0.000139 0.000377 0.000752 0.000565 0.002537 0.002227 0.000000 0.000000 0.000023 0.000012 0.000039 0.000049 0.000002 0.000031 0.000186 0.027996 0.001538 0.962921 0.000027 0.000003 0.000032 0.000011 0.000003 0.000530
0.263448 0.012275 0.121651 0.488893 0.010920 0.087527 0.000039 0.000004 0.000017 0.001612 0.000136 0.000149 0.000002 0.000001 0.000007 0.003606 0.000018 0.008654 0.000746 0.000011 0.000268 0.000015 0.000002 0.000002
0.040160 0.008176 0.541425 0.041456 0.005250 0.103126 0.000205 0.000002 0.001411 0.003584 0.000860 0.022272 0.001378 0.000636 0.013226 0.008305 0.001353 0.066040 0.063316 0.002936 0.072482 0.000101 0.000002 0.002299
0.000865 0.000711 0.048328 0.013603 0.001771 0.440047 0.000016 0.000000 0.000721 0.004973 0.010600 0.086709 0.000042 0.000029 0.027305 0.001324 0.000228 0.343060 0.000412 0.000049 0.012935 0.000261 0.000005 0.006005
0.000931 0.003916 0.002855 0.074964 0.115745 0.077701 0.000004 0.000010 0.000092 0.004013 0.003947 0.001893 0.000017 0.000208 0.000713 0.354784 0.006461 0.346503 0.001117 0.000278 0.000960 0.000695 0.000036 0.002155
0.000011 0.000001 0.000125 0.000091 0.000024 0.003515 0.000041 0.000062 0.003686 0.005245 0.040985 0.910883 0.000015 0.000280 0.004973 0.000014 0.000003 0.003332 0.000030 0.000214 0.001039 0.000908 0.000004 0.024519
0.004989 0.001102 0.948586 0.000667 0.000159 0.020749 0.000198 0.000007 0.000573 0.005026 0.000248 0.015141 0.000050 0.000001 0.001165 0.000033 0.000001 0.000488 0.000024 0.000002 0.000772 0.000006 0.000000 0.000013
0.004065 0.005582 0.002382 0.000262 0.000199 0.000088 0.000000 0.000000 0.000085 0.000017 0.000010 0.000036 0.000201 0.000274 0.000350 0.259192 0.038285 0.688335 0.000081 0.000041 0.000146 0.000007 0.000013 0.000351
0.018325 0.006361 0.055465 0.002773 0.001097 0.002471 0.000004 0.000002 0.001747 0.000428 0.000361 0.002454 0.002013 0.000523 0.039882 0.043778 0.011060 0.804604 0.000500 0.000058 0.003323 0.000147 0.000046 0.002578
0.000142 0.000163 0.011262 0.011450 0.002723 0.254249 0.000015 0.000004 0.000415 0.143126 0.039834 0.441069 0.000018 0.000023 0.000963 0.002624 0.000641 0.061036 0.002062 0.000272 0.019135 0.003357 0.000008 0.005410
0.000635 0.000054 0.140825 0.001300 0.000403 0.045003 0.000257 0.000008 0.000486 0.032244 0.005996 0.763016 0.000003 0.000003 0.000363 0.000041 0.000001 0.001924 0.000034 0.000049 0.007036 0.000169 0.000000 0.000148
0.025227 0.000585 0.035497 0.080991 0.003517 0.025485 0.000272 0.000015 0.000232 0.000725 0.000039 0.000396 0.000223 0.000202 0.000035 0.025386 0.000783 0.034178 0.608507 0.007214 0.149837 0.000581 0.000003 0.000070
0.529872 0.029249 0.437454 0.001922 0.000158 0.000281 0.000044 0.000001 0.000039 0.000066 0.000007 0.000082 0.000059 0.000001 0.000008 0.000251 0.000004 0.000287 0.000103 0.000011 0.000100 0.000001 0.000000 0.000000
0.000808 0.001874 0.127293 0.005596 0.004872 0.358995 0.000013 0.000000 0.000357 0.000383 0.001170 0.031065 0.000052 0.000111 0.007725 0.001291 0.001383 0.449846 0.000326 0.000016 0.006104 0.000025 0.000004 0.000692
0.171407 0.012757 0.038715 0.020991 0.003889 0.020420 0.000025 0.000009 0.004195 0.003276 0.000691 0.009513 0.306813 0.013182 0.222236 0.027488 0.007427 0.052829 0.043802 0.001165 0.035229 0.001721 0.000033 0.002189
0.048033 0.007273 0.189373 0.004347 0.004221 0.064331 0.000489 0.000001 0.001343 0.004173 0.000789 0.075286 0.053396 0.006428 0.500692 0.002132 0.000189 0.008683 0.006044 0.000224 0.021386 0.000105 0.000012 0.001047
0.316598 0.035957 0.635664 0.000797 0.000509 0.001261 0.000161 0.000003 0.000072 0.000631 0.000023 0.000318 0.000146 0.000015 0.000148 0.000104 0.000005 0.000079 0.001373 0.000700 0.005426 0.000010 0.000001 0.000001
0.001087 0.002340 0.001741 0.000097 0.000144 0.000072 0.000000 0.000000 0.000022 0.000004 0.000002 0.000040 0.000006 0.000036 0.000109 0.125024 0.001975 0.867024 0.000064 0.000011 0.000099 0.000001 0.000002 0.000098
0.028241 0.014199 0.451904 0.021257 0.003722 0.175077 0.000068 0.000000 0.000937 0.001532 0.001182 0.036827 0.000435 0.000597 0.013514 0.016241 0.001975 0.218076 0.001761 0.000247 0.011451 0.000012 0.000004 0.000740
0.012972 0.002147 0.016982 0.001134 0.001013 0.001120 0.000002 0.000000 0.000497 0.000020 0.000014 0.000355 0.000178 0.000417 0.002575 0.102248 0.002292 0.849650 0.001469 0.000150 0.004065 0.000020 0.000002 0.000679
0.053015 0.042282 0.848409 0.003351 0.001773 0.015050 0.000084 0.000000 0.000153 0.000991 0.001038 0.022370 0.000112 0.000020 0.001652 0.000460 0.000047 0.008285 0.000127 0.000085 0.000662 0.000002 0.000000 0.000031
0.104853 0.017131 0.408968 0.181930 0.012072 0.192526 0.000049 0.000000 0.000375 0.003878 0.000272 0.006588 0.000135 0.000144 0.001089 0.008199 0.000337 0.034663 0.009038 0.000515 0.017156 0.000023 0.000001 0.000058
0.010020 0.005249 0.066315 0.244689 0.014570 0.634129 0.000103 0.000000 0.000087 0.003687 0.001156 0.002393 0.000048 0.000009 0.001087 0.000787 0.000040 0.005788 0.007697 0.000074 0.001941 0.000023 0.000001 0.000107
0.001531 0.000364 0.185131 0.002137 0.001599 0.209851 0.005290 0.000020 0.001487 0.089439 0.004461 0.280196 0.000053 0.000028 0.004395 0.000198 0.000006 0.005581 0.013330 0.000653 0.192593 0.000430 0.000000 0.001227
0.260530 0.035565 0.350888 0.082598 0.025807 0.038173 0.000043 0.000001 0.000302 0.000888 0.000151 0.001657 0.000182 0.000254 0.001102 0.071492 0.001481 0.121122 0.003587 0.000192 0.003884 0.000033 0.000006 0.000063
0.000012 0.000001 0.001772 0.000008 0.000008 0.000809 0.000590 0.000005 0.000230 0.019647 0.000958 0.971635 0.000001 0.000013 0.000126 0.000003 0.000000 0.000181 0.000015 0.000010 0.003835 0.000083 0.000000 0.000056
0.033993 0.035063 0.926160 0.000134 0.000050 0.001165 0.000013 0.000000 0.000005 0.000030 0.000009 0.000345 0.000001 0.000000 0.000027 0.000186 0.000004 0.002804 0.000001 0.000000 0.000009 0.000000 0.000000 0.000000
0.000057 0.000021 0.007012 0.010503 0.001622 0.973845 0.000014 0.000000 0.000011 0.000642 0.000212 0.002723 0.000000 0.000000 0.000024 0.000072 0.000001 0.002967 0.000033 0.000001 0.000219 0.000005 0.000000 0.000015
0.375703 0.070415 0.056245 0.018883 0.022709 0.000366 0.001377 0.000016 0.000428 0.000331 0.000024 0.000016 0.015749 0.001569 0.001693 0.084997 0.002367 0.019275 0.320043 0.004219 0.003156 0.000291 0.000024 0.000104
0.000340 0.004468 0.000682 0.000405 0.003323 0.000288 0.000001 0.000002 0.000114 0.000160 0.000175 0.000127 0.000036 0.006390 0.002161 0.080408 0.286178 0.609991 0.001450 0.000881 0.001753 0.000212 0.000113 0.000342
0.102508 0.003067 0.858303 0.011718 0.000116 0.008469 0.000392 0.000003 0.000228 0.003720 0.000027 0.000787 0.000029 0.000004 0.000239 0.000654 0.000004 0.000882 0.003395 0.000062 0.005385 0.000008 0.000001 0.000002
