0.048441 0.064424 0.037788 0.000725 0.000720 0.000115 0.001433 0.000341 0.001174 0.000166 0.000132 0.000156 0.743495 0.038328 0.012037 0.004418 0.030471 0.000573 0.002667 0.005083 0.000379 0.000053 0.006611 0.000271
0.000132 0.000020 0.007890 0.000018 0.000652 0.006389 0.000286 0.000012 0.000349 0.002420 0.000080 0.973674 0.000011 0.000077 0.000977 0.000075 0.000003 0.001095 0.000015 0.000007 0.005375 0.000130 0.000024 0.000290
0.225701 0.289419 0.371939 0.001685 0.005852 0.006424 0.000998 0.000072 0.005790 0.000076 0.000024 0.000940 0.001576 0.000579 0.003073 0.011741 0.002747 0.067408 0.000168 0.000027 0.003294 0.000040 0.000391 0.000037
0.001490 0.001443 0.056571 0.001620 0.002404 0.289778 0.000073 0.000001 0.000734 0.001228 0.003625 0.469079 0.000036 0.000261 0.028697 0.000726 0.000362 0.099164 0.000289 0.000065 0.038506 0.000594 0.000046 0.003207
0.000042 0.000001 0.000036 0.000014 0.000001 0.000098 0.003975 0.000058 0.994362 0.000005 0.000018 0.000549 0.000008 0.000009 0.000154 0.000000 0.000000 0.000034 0.000012 0.000113 0.000386 0.000093 0.000003 0.000027
0.169031 0.391630 0.387451 0.004654 0.002554 0.013337 0.000234 0.000052 0.000806 0.000058 0.000076 0.000270 0.000159 0.000090 0.000623 0.004434 0.007551 0.016375 0.000036 0.000025 0.000332 0.000012 0.000136 0.000072
0.068643 0.006601 0.041682 0.418468 0.007348 0.421994 0.000044 0.000001 0.000609 0.001886 0.000353 0.003814 0.000193 0.000058 0.000424 0.004535 0.000676 0.007250 0.001853 0.000160 0.013075 0.000093 0.000007 0.000233
0.037717 0.004820 0.020467 0.004110 0.017278 0.007615 0.000022 0.000010 0.000758 0.000021 0.000036 0.000321 0.000271 0.001441 0.008688 0.184193 0.024181 0.594699 0.007886 0.005833 0.074506 0.000524 0.000132 0.004471
0.070950 0.030775 0.000992 0.113198 0.094312 0.002400 0.000130 0.000257 0.000032 0.001223 0.000410 0.000034 0.000211 0.003740 0.000087 0.085628 0.027173 0.028539 0.397898 0.088299 0.050521 0.002061 0.000976 0.000157
0.000189 0.000003 0.001382 0.000092 0.000018 0.000569 0.000303 0.000017 0.000856 0.001114 0.000088 0.015303 0.000233 0.000727 0.002613 0.000016 0.000005 0.000353 0.005776 0.003314 0.965014 0.001324 0.000011 0.000680
0.001978 0.007007 0.002731 0.000359 0.000301 0.000088 0.000003 0.000001 0.000394 0.000003 0.000010 0.000035 0.000747 0.000526 0.001131 0.141782 0.170892 0.662784 0.000335 0.000389 0.002493 0.000013 0.000196 0.005802
0.014008 0.003902 0.645238 0.000019 0.000180 0.001014 0.000495 0.000026 0.004590 0.000051 0.000490 0.023808 0.000241 0.000107 0.110905 0.001143 0.000093 0.174687 0.000100 0.000063 0.015910 0.000116 0.000030 0.002784
0.003124 0.000027 0.002819 0.000027 0.000019 0.000008 0.055292 0.000729 0.911772 0.000222 0.000009 0.000469 0.001175 0.000068 0.000417 0.000032 0.000010 0.000193 0.001216 0.000854 0.020957 0.000224 0.000009 0.000327
0.455284 0.012218 0.014817 0.399704 0.007556 0.024411 0.000041 0.000005 0.001138 0.000394 0.000054 0.000517 0.001886 0.000020 0.000192 0.016554 0.004666 0.015111 0.021297 0.000347 0.023286 0.000104 0.000098 0.000299
0.006584 0.002598 0.725754 0.000274 0.000995 0.019619 0.001586 0.000038 0.001124 0.004430 0.001199 0.220283 0.000066 0.000003 0.002578 0.000247 0.000005 0.008095 0.000022 0.000012 0.001248 0.000015 0.000003 0.003222
0.341091 0.008746 0.500472 0.000618 0.000289 0.000128 0.001210 0.000156 0.000716 0.000385 0.000007 0.000180 0.002612 0.000056 0.000201 0.001008 0.000087 0.001418 0.054982 0.004657 0.080910 0.000054 0.000004 0.000014
0.000889 0.002882 0.003904 0.000313 0.000288 0.000351 0.000004 0.000333 0.002583 0.000691 0.001552 0.000904 0.017689 0.032742 0.237883 0.005077 0.109507 0.017933 0.020702 0.399319 0.135600 0.000552 0.000565 0.007738
0.424216 0.007422 0.190690 0.260753 0.001994 0.063145 0.000054 0.000002 0.000219 0.001425 0.000055 0.000451 0.000107 0.000034 0.000545 0.000770 0.000223 0.001144 0.026573 0.001789 0.018342 0.000026 0.000002 0.000019
0.000015 0.000002 0.000947 0.000008 0.000003 0.000359 0.000042 0.000016 0.000208 0.002983 0.000829 0.988228 0.000002 0.000002 0.001158 0.000001 0.000000 0.000271 0.000018 0.000020 0.003912 0.000052 0.000000 0.000923
0.051137 0.003800 0.929306 0.000117 0.000039 0.001472 0.000009 0.000000 0.000050 0.000129 0.000023 0.010559 0.000048 0.000018 0.001502 0.000036 0.000017 0.000723 0.000023 0.000031 0.000953 0.000001 0.000000 0.000008
0.002164 0.004026 0.692576 0.002989 0.003843 0.271467 0.000008 0.000000 0.000032 0.000080 0.000080 0.002951 0.000002 0.000004 0.000711 0.000474 0.000072 0.018271 0.000018 0.000001 0.000181 0.000001 0.000000 0.000047
0.000358 0.000041 0.000171 0.000424 0.000122 0.000367 0.000001 0.000045 0.000828 0.000126 0.000636 0.000327 0.012678 0.344559 0.558902 0.006199 0.058087 0.006320 0.000737 0.001212 0.003227 0.000143 0.000852 0.003638
0.008548 0.003154 0.000323 0.004201 0.005020 0.000389 0.000016 0.000087 0.000394 0.000141 0.000025 0.000005 0.006447 0.276211 0.080402 0.037883 0.486135 0.011600 0.063448 0.004801 0.003048 0.000346 0.007106 0.000272
0.297860 0.005594 0.671478 0.001344 0.000118 0.000158 0.003882 0.000028 0.002447 0.000064 0.000032 0.000086 0.002170 0.000308 0.008584 0.001096 0.000237 0.001381 0.001683 0.000499 0.000839 0.000006 0.000041 0.000063
0.065831 0.004319 0.181799 0.407138 0.012251 0.258439 0.000522 0.000000 0.001448 0.002874 0.000087 0.001192 0.000029 0.000122 0.000674 0.006945 0.000521 0.019684 0.015790 0.000468 0.019697 0.000136 0.000006 0.000029
0.000014 0.000004 0.000440 0.000017 0.000022 0.001366 0.000378 0.000192 0.001610 0.000739 0.022806 0.667672 0.000361 0.000467 0.283619 0.000012 0.000001 0.001502 0.000012 0.000050 0.003270 0.000541 0.000021 0.014883
0.735250 0.078077 0.183355 0.000789 0.000232 0.000172 0.000024 0.000001 0.000033 0.000012 0.000002 0.000109 0.000023 0.000023 0.000040 0.000304 0.000154 0.001277 0.000012 0.000008 0.000096 0.000002 0.000004 0.000001
0.003790 0.002963 0.959232 0.000522 0.000336 0.020399 0.000123 0.000000 0.000040 0.000584 0.000106 0.010229 0.000002 0.000001 0.000720 0.000007 0.000001 0.000463 0.000031 0.000017 0.000416 0.000003 0.000000 0.000013
0.399925 0.052598 0.499409 0.011467 0.000991 0.002258 0.000042 0.000000 0.000288 0.000620 0.000034 0.005966 0.000583 0.000289 0.001472 0.007354 0.000875 0.008672 0.001073 0.000289 0.005727 0.000016 0.000009 0.000042
0.000085 0.000008 0.000231 0.000002 0.000001 0.000002 0.004790 0.000394 0.993957 0.000001 0.000003 0.000071 0.000039 0.000004 0.000154 0.000001 0.000002 0.000033 0.000031 0.000053 0.000089 0.000016 0.000001 0.000032
0.000504 0.000896 0.169615 0.000205 0.000235 0.062278 0.000285 0.000011 0.000412 0.001363 0.000523 0.263785 0.000340 0.000218 0.444762 0.000048 0.000013 0.005552 0.000421 0.000074 0.044457 0.000024 0.000053 0.003925
0.005597 0.029776 0.960574 0.000010 0.000088 0.000709 0.000013 0.000000 0.000004 0.000010 0.000020 0.000529 0.000003 0.000003 0.000069 0.000075 0.000007 0.002369 0.000002 0.000002 0.000139 0.000000 0.000001 0.000001
0.064597 0.012209 0.808574 0.002160 0.000597 0.013853 0.000111 0.000001 0.000411 0.000522 0.000229 0.021571 0.005855 0.002150 0.021347 0.002062 0.000610 0.009783 0.003096 0.001040 0.029076 0.000004 0.000006 0.000136
0.596053 0.238208 0.148565 0.001289 0.000205 0.000096 0.000005 0.000000 0.000012 0.000023 0.000006 0.000015 0.000406 0.000039 0.000043 0.009747 0.000885 0.003645 0.000166 0.000038 0.000546 0.000001 0.000005 0.000002
0.145649 0.112754 0.662005 0.014508 0.005144 0.005479 0.000089 0.000007 0.001161 0.000395 0.000203 0.000363 0.000666 0.000076 0.000513 0.012593 0.001803 0.033202 0.000631 0.000379 0.002307 0.000008 0.000016 0.000050
0.000365 0.000022 0.000249 0.000026 0.000010 0.000011 0.000020 0.000089 0.001473 0.000131 0.000100 0.000068 0.100078 0.004861 0.744445 0.000397 0.000312 0.000675 0.008621 0.006303 0.130599 0.000304 0.000264 0.000574
0.000006 0.000001 0.000020 0.000001 0.000001 0.000005 0.006481 0.000166 0.982959 0.000004 0.000016 0.000027 0.001112 0.000114 0.008211 0.000000 0.000001 0.000006 0.000055 0.000017 0.000671 0.000037 0.000027 0.000063
0.000011 0.000017 0.000055 0.000005 0.000059 0.000063 0.002668 0.000337 0.004109 0.000014 0.001151 0.000127 0.015520 0.321340 0.635907 0.000196 0.002428 0.000758 0.000744 0.001660 0.001209 0.000467 0.004377 0.006776
0.752586 0.019142 0.173000 0.002664 0.000137 0.001290 0.000904 0.000025 0.000438 0.000534 0.000175 0.000646 0.007289 0.000513 0.007070 0.000440 0.001203 0.000535 0.001570 0.002199 0.026795 0.000057 0.000722 0.000064
0.000170 0.000071 0.025275 0.000200 0.000151 0.015751 0.000254 0.000011 0.000780 0.001100 0.002401 0.058292 0.000049 0.000020 0.008196 0.001607 0.000117 0.056883 0.015235 0.000565 0.806277 0.001040 0.000012 0.005544
0.000362 0.000133 0.108588 0.004750 0.002750 0.849920 0.000107 0.000000 0.000045 0.001077 0.000251 0.021622 0.000001 0.000001 0.000586 0.000087 0.000004 0.004227 0.000363 0.000011 0.005012 0.000005 0.000000 0.000098
0.003392 0.000278 0.014985 0.004328 0.000486 0.001359 0.000888 0.000012 0.000292 0.000250 0.000009 0.000105 0.000473 0.000014 0.000323 0.000401 0.000037 0.000445 0.583537 0.010204 0.377938 0.000194 0.000002 0.000049
0.869825 0.051321 0.068582 0.001419 0.000149 0.000030 0.000004 0.000001 0.000008 0.000008 0.000002 0.000008 0.000129 0.000003 0.000034 0.006122 0.000127 0.001302 0.000566 0.000033 0.000321 0.000000 0.000002 0.000002
0.300860 0.009268 0.444581 0.002535 0.000045 0.000370 0.088546 0.003633 0.063945 0.005613 0.000197 0.000125 0.014587 0.000030 0.000079 0.000199 0.000025 0.000115 0.043086 0.003243 0.018689 0.000196 0.000014 0.000020
0.000393 0.000078 0.004446 0.127020 0.005297 0.860378 0.000080 0.000000 0.000049 0.000215 0.000222 0.000387 0.000000 0.000000 0.000006 0.000059 0.000007 0.001181 0.000068 0.000002 0.000099 0.000012 0.000001 0.000002
0.000865 0.000004 0.002373 0.004556 0.000082 0.001941 0.000538 0.000066 0.000352 0.004799 0.000077 0.058494 0.000638 0.001690 0.004371 0.000171 0.000019 0.000333 0.015844 0.010907 0.889800 0.001832 0.000016 0.000233
0.003327 0.000415 0.001024 0.000470 0.000083 0.000201 0.000000 0.000000 0.000054 0.000002 0.000007 0.000112 0.000065 0.000190 0.000262 0.044135 0.003580 0.943900 0.000022 0.000027 0.002009 0.000012 0.000014 0.000089
0.000050 0.000010 0.005632 0.000008 0.000056 0.001277 0.400740 0.000175 0.346669 0.000567 0.000660 0.221222 0.000030 0.000040 0.001148 0.000003 0.000001 0.000741 0.000020 0.000080 0.019678 0.000804 0.000007 0.000383
0.026229 0.016518 0.263871 0.002078 0.002761 0.003780 0.000095 0.000001 0.000717 0.000059 0.000018 0.002905 0.000048 0.000056 0.000689 0.078810 0.002338 0.597600 0.000136 0.000019 0.001032 0.000018 0.000042 0.000180
0.017129 0.004673 0.001983 0.060743 0.120606 0.002376 0.000188 0.000008 0.000205 0.000051 0.000008 0.000018 0.000136 0.000148 0.000071 0.468059 0.008421 0.251851 0.057936 0.002249 0.002532 0.000375 0.000076 0.000160
0.000640 0.001284 0.001508 0.000891 0.007908 0.002621 0.000001 0.000000 0.000044 0.000018 0.000097 0.000871 0.000085 0.000886 0.003198 0.032211 0.004949 0.940377 0.000117 0.000023 0.000856 0.000210 0.000414 0.000790
0.002889 0.004078 0.000161 0.011649 0.038488 0.000936 0.000002 0.000005 0.000160 0.000132 0.000073 0.000040 0.001933 0.003865 0.001461 0.526989 0.152474 0.244886 0.002100 0.000429 0.000744 0.003247 0.000568 0.002692
0.560037 0.020990 0.313317 0.041448 0.006821 0.005243 0.001234 0.000030 0.000233 0.003839 0.000179 0.000556 0.001717 0.001238 0.001272 0.002681 0.000038 0.001124 0.025715 0.005506 0.006528 0.000226 0.000023 0.000006
0.009405 0.002277 0.985375 0.000021 0.000040 0.000144 0.000272 0.000000 0.000077 0.000015 0.000013 0.000163 0.000038 0.000002 0.001313 0.000047 0.000002 0.000604 0.000015 0.000006 0.000166 0.000000 0.000000 0.000003
0.003867 0.013115 0.023665 0.000123 0.000797 0.003837 0.000009 0.000002 0.000793 0.000021 0.000098 0.001194 0.000359 0.000614 0.550471 0.012791 0.001238 0.383853 0.000093 0.000002 0.001776 0.000081 0.000027 0.001175
0.235853 0.031194 0.696350 0.005364 0.001574 0.006055 0.000024 0.000000 0.000156 0.000151 0.000030 0.001720 0.000235 0.000702 0.001598 0.005411 0.000577 0.010417 0.000792 0.000130 0.001647 0.000007 0.000002 0.000010
0.550781 0.382794 0.061751 0.001944 0.000393 0.000116 0.000013 0.000000 0.000007 0.000013 0.000020 0.000007 0.000178 0.000058 0.000018 0.001067 0.000309 0.000475 0.000021 0.000010 0.000023 0.000001 0.000002 0.000000
0.009414 0.004881 0.206508 0.023548 0.009394 0.308099 0.000176 0.000000 0.001131 0.000673 0.001657 0.058658 0.000562 0.002679 0.018011 0.022245 0.007900 0.277864 0.005264 0.000238 0.039690 0.000163 0.000020 0.001223
0.000203 0.000016 0.010079 0.041682 0.001736 0.937999 0.000079 0.000000 0.000017 0.001220 0.000419 0.004240 0.000000 0.000000 0.000019 0.000082 0.000001 0.001622 0.000066 0.000001 0.000503 0.000012 0.000000 0.000006
0.253418 0.062945 0.112953 0.057221 0.003321 0.028422 0.000067 0.000001 0.003564 0.000411 0.000370 0.003645 0.009872 0.020501 0.025893 0.044357 0.082474 0.261573 0.018318 0.001091 0.008753 0.000065 0.000149 0.000614
0.000505 0.000071 0.003566 0.000143 0.000005 0.000272 0.000095 0.000002 0.002387 0.000041 0.000002 0.000047 0.000263 0.000014 0.003830 0.000028 0.000076 0.000296 0.025459 0.002643 0.959936 0.000257 0.000002 0.000063
0.019092 0.035658 0.943408 0.000214 0.000015 0.000841 0.000006 0.000000 0.000006 0.000005 0.000007 0.000054 0.000004 0.000000 0.000062 0.000023 0.000008 0.000565 0.000003 0.000002 0.000026 0.000000 0.000000 0.000000
0.004021 0.000160 0.003278 0.060366 0.002161 0.133851 0.000026 0.000040 0.001637 0.007329 0.001748 0.003592 0.000712 0.000134 0.010307 0.000449 0.000537 0.004635 0.036677 0.002415 0.718384 0.005318 0.000010 0.002213
0.006287 0.000251 0.039426 0.025457 0.000229 0.666844 0.000045 0.000000 0.000834 0.002189 0.000704 0.038182 0.002064 0.001046 0.152043 0.000169 0.000082 0.004025 0.003004 0.000158 0.056475 0.000110 0.000003 0.000371
0.165326 0.018663 0.165233 0.003794 0.000432 0.001499 0.000003 0.000001 0.000206 0.000072 0.000042 0.000342 0.000467 0.000322 0.001139 0.156976 0.005990 0.476301 0.000665 0.000223 0.002129 0.000007 0.000014 0.000155
0.000410 0.002397 0.001234 0.001205 0.001132 0.007674 0.000000 0.000004 0.001043 0.000010 0.000741 0.000143 0.001084 0.028197 0.075578 0.010261 0.272033 0.593647 0.000039 0.000172 0.000270 0.000046 0.000729 0.001953
0.003072 0.001445 0.059183 0.002371 0.000629 0.067567 0.000002 0.000000 0.000031 0.000042 0.000225 0.000758 0.000001 0.000061 0.000078 0.018255 0.000575 0.845648 0.000013 0.000004 0.000018 0.000003 0.000002 0.000018
0.207313 0.027589 0.734095 0.000480 0.000704 0.001949 0.000143 0.000018 0.000560 0.000249 0.000192 0.000527 0.003803 0.000455 0.016441 0.000171 0.000013 0.002628 0.000808 0.000159 0.001682 0.000012 0.000005 0.000005
0.739582 0.026443 0.172232 0.011190 0.001009 0.001104 0.001192 0.000039 0.000042 0.001663 0.000105 0.000049 0.000758 0.000088 0.000130 0.000180 0.000033 0.000156 0.031100 0.002921 0.009920 0.000062 0.000003 0.000001
0.016076 0.003727 0.054761 0.001741 0.000247 0.007846 0.000033 0.000001 0.003453 0.000566 0.000669 0.037232 0.007366 0.005243 0.205311 0.023602 0.006188 0.528051 0.011952 0.000826 0.081942 0.000636 0.000030 0.002498
0.087967 0.003532 0.199185 0.000716 0.000214 0.001100 0.000030 0.000003 0.001436 0.000162 0.000212 0.005958 0.012073 0.003025 0.104024 0.066919 0.001671 0.500111 0.002531 0.000444 0.008230 0.000075 0.000037 0.000344
0.002863 0.000039 0.002370 0.011743 0.000173 0.003713 0.000061 0.000002 0.000069 0.000207 0.000036 0.000189 0.000626 0.000394 0.000226 0.000150 0.000051 0.000629 0.472386 0.002470 0.501488 0.000095 0.000001 0.000019
0.002941 0.000504 0.000516 0.001677 0.000805 0.003917 0.000041 0.000121 0.010564 0.000408 0.023030 0.002623 0.578271 0.013259 0.325925 0.004718 0.001458 0.009705 0.001660 0.000830 0.004541 0.000848 0.000304 0.011333
0.186354 0.003429 0.143305 0.229580 0.007086 0.131557 0.000594 0.000074 0.000938 0.003689 0.000973 0.005243 0.001763 0.000811 0.000467 0.013643 0.000155 0.003703 0.158005 0.002097 0.105977 0.000493 0.000016 0.000046
0.001420 0.000231 0.006593 0.029774 0.001153 0.028780 0.000046 0.000008 0.000589 0.278091 0.052074 0.421750 0.000860 0.001465 0.002134 0.007981 0.001066 0.023231 0.032142 0.005857 0.088122 0.005574 0.000019 0.011041
0.000421 0.000972 0.000063 0.001880 0.001511 0.000038 0.000009 0.000001 0.000007 0.000021 0.000008 0.000001 0.000761 0.001173 0.000047 0.721749 0.138745 0.042999 0.088244 0.000520 0.000404 0.000167 0.000038 0.000223
0.221399 0.001399 0.143948 0.256590 0.004403 0.089340 0.004412 0.000275 0.000170 0.101188 0.005627 0.008624 0.000243 0.000355 0.000677 0.001899 0.000017 0.002109 0.114583 0.005568 0.036092 0.000947 0.000054 0.000081
0.000147 0.000006 0.015994 0.002001 0.000056 0.210468 0.000263 0.000001 0.000627 0.026800 0.002833 0.464603 0.000029 0.000037 0.001530 0.000100 0.000006 0.004125 0.005646 0.000145 0.263241 0.000763 0.000000 0.000577
0.406093 0.061425 0.514454 0.003028 0.000071 0.000461 0.000004 0.000000 0.000013 0.000034 0.000008 0.000090 0.000198 0.000023 0.000077 0.007805 0.000260 0.005799 0.000056 0.000003 0.000096 0.000000 0.000001 0.000001
0.301741 0.006283 0.648409 0.002361 0.000119 0.000404 0.000179 0.000002 0.000124 0.000569 0.000012 0.000224 0.000675 0.000057 0.000444 0.000332 0.000023 0.000567 0.021078 0.001361 0.015025 0.000006 0.000000 0.000003
0.002324 0.002559 0.993574 0.000020 0.000012 0.000419 0.000006 0.000000 0.000003 0.000012 0.000014 0.000447 0.000001 0.000000 0.000043 0.000018 0.000001 0.000534 0.000002 0.000000 0.000011 0.000000 0.000000 0.000000
0.030607 0.020060 0.810034 0.020341 0.001443 0.061279 0.000100 0.000000 0.000359 0.000809 0.000663 0.019263 0.000917 0.000335 0.003743 0.003420 0.001031 0.016568 0.002187 0.000209 0.006521 0.000009 0.000002 0.000098
0.001012 0.000349 0.408407 0.004001 0.001280 0.338582 0.001862 0.000002 0.000850 0.011647 0.001128 0.203127 0.000019 0.000012 0.003047 0.000089 0.000008 0.004621 0.001383 0.000187 0.018087 0.000050 0.000000 0.000250
0.086170 0.005686 0.286857 0.070953 0.001349 0.072874 0.000514 0.000025 0.005186 0.014411 0.003145 0.084525 0.019125 0.036780 0.118656 0.007144 0.003510 0.016109 0.100638 0.010861 0.053124 0.000842 0.000018 0.001496
0.000926 0.002143 0.000487 0.000345 0.000098 0.000048 0.000000 0.000000 0.000031 0.000003 0.000006 0.000007 0.000076 0.001856 0.000837 0.162546 0.502192 0.327320 0.000417 0.000147 0.000290 0.000019 0.000012 0.000189
0.007602 0.000681 0.964738 0.000082 0.000027 0.007830 0.000313 0.000002 0.000081 0.001616 0.000347 0.004690 0.000027 0.000030 0.010827 0.000002 0.000000 0.000120 0.000061 0.000038 0.000879 0.000006 0.000000 0.000002
0.000926 0.003049 0.604355 0.004585 0.000761 0.355295 0.000034 0.000000 0.000061 0.000259 0.000336 0.009927 0.000005 0.000005 0.000368 0.000597 0.000042 0.019060 0.000051 0.000001 0.000264 0.000002 0.000000 0.000016
0.000264 0.000069 0.004084 0.000065 0.000009 0.000134 0.000068 0.000005 0.001088 0.000288 0.000019 0.000487 0.000825 0.000075 0.002589 0.000111 0.000164 0.000798 0.074171 0.008931 0.903702 0.001689 0.000002 0.000364
0.266960 0.017218 0.519265 0.060082 0.000426 0.056100 0.000022 0.000001 0.000842 0.002464 0.000078 0.005522 0.000497 0.000149 0.003912 0.000274 0.000200 0.004932 0.006345 0.003389 0.051269 0.000032 0.000002 0.000020
0.000087 0.000730 0.005412 0.001200 0.001403 0.101799 0.000000 0.000000 0.000064 0.000036 0.000438 0.001644 0.000018 0.000067 0.005711 0.012523 0.003825 0.862341 0.000031 0.000001 0.000286 0.000014 0.000005 0.002366
0.706989 0.033448 0.242156 0.004078 0.000869 0.000434 0.000168 0.000003 0.000090 0.000213 0.000013 0.000077 0.001833 0.000156 0.000127 0.000490 0.000014 0.000205 0.006483 0.000463 0.001682 0.000009 0.000001 0.000001
0.393151 0.547841 0.049302 0.003817 0.000251 0.000098 0.000006 0.000000 0.000009 0.000023 0.000004 0.000003 0.000294 0.000052 0.000016 0.003188 0.000775 0.000958 0.000168 0.000010 0.000030 0.000000 0.000003 0.000000
0.000702 0.000713 0.212396 0.006209 0.000693 0.353017 0.000262 0.000002 0.000439 0.018106 0.008597 0.383218 0.000010 0.000014 0.000946 0.000251 0.000018 0.012113 0.000229 0.000022 0.001808 0.000069 0.000001 0.000167
0.041462 0.022756 0.067007 0.017950 0.001706 0.009669 0.000021 0.000001 0.000922 0.001569 0.000343 0.002719 0.001770 0.000736 0.001593 0.396996 0.030268 0.383480 0.012017 0.000439 0.004950 0.000105 0.000020 0.001504
0.000098 0.000773 0.000129 0.000270 0.000476 0.000183 0.000000 0.000000 0.000003 0.000002 0.000004 0.000005 0.000002 0.000094 0.000017 0.275636 0.019223 0.702984 0.000026 0.000004 0.000009 0.000005 0.000002 0.000056
0.000497 0.001268 0.000425 0.001994 0.002010 0.001587 0.000000 0.000000 0.000043 0.000038 0.000050 0.000100 0.000020 0.001165 0.000130 0.372321 0.047772 0.568627 0.000761 0.000165 0.000320 0.000208 0.000014 0.000485
0.000195 0.000046 0.000227 0.000013 0.000005 0.000007 0.000014 0.000040 0.001960 0.000031 0.000366 0.000057 0.150330 0.044294 0.784939 0.000712 0.000477 0.000845 0.003025 0.002198 0.008250 0.000535 0.000323 0.001110
0.000291 0.000008 0.000857 0.000164 0.000005 0.000462 0.000172 0.000004 0.001193 0.001680 0.000035 0.008208 0.000398 0.000748 0.003819 0.000214 0.000011 0.000150 0.036669 0.001304 0.941771 0.001564 0.000016 0.000257
0.497494 0.090381 0.327951 0.021761 0.000968 0.010558 0.000062 0.000001 0.001975 0.000149 0.000052 0.004719 0.006995 0.000977 0.009809 0.000629 0.000393 0.002329 0.007526 0.001780 0.013362 0.000042 0.000014 0.000072
0.167571 0.068114 0.670827 0.052139 0.005094 0.032999 0.000039 0.000003 0.000010 0.001210 0.000173 0.000288 0.000002 0.000001 0.000027 0.000458 0.000015 0.000694 0.000141 0.000032 0.000157 0.000004 0.000001 0.000001
0.000164 0.000073 0.007659 0.005111 0.003053 0.778066 0.000022 0.000004 0.000189 0.018941 0.003292 0.150571 0.000006 0.000021 0.012897 0.000130 0.000011 0.006672 0.000331 0.000034 0.008989 0.000593 0.000003 0.003169
0.044556 0.027042 0.388591 0.051829 0.005878 0.349135 0.000166 0.000000 0.000830 0.004892 0.003333 0.038412 0.000931 0.000569 0.007622 0.009754 0.002261 0.041325 0.006795 0.000712 0.014212 0.000048 0.000004 0.001102
0.000022 0.000005 0.000862 0.000225 0.000201 0.023920 0.000076 0.000007 0.000188 0.006072 0.001516 0.966063 0.000000 0.000001 0.000012 0.000044 0.000000 0.000366 0.000001 0.000001 0.000258 0.000077 0.000000 0.000084
0.019078 0.023065 0.812302 0.002057 0.000461 0.027242 0.000076 0.000000 0.000650 0.000253 0.000054 0.051299 0.000163 0.000112 0.002664 0.007477 0.001149 0.046530 0.000531 0.000017 0.004656 0.000004 0.000002 0.000157
0.002408 0.000154 0.001227 0.742466 0.010904 0.239576 0.000003 0.000000 0.000006 0.000264 0.000020 0.000141 0.000000 0.000001 0.000002 0.000699 0.000012 0.001378 0.000527 0.000008 0.000192 0.000009 0.000000 0.000002
0.000177 0.001090 0.006560 0.029623 0.079026 0.846258 0.000012 0.000000 0.000012 0.000497 0.000685 0.001848 0.000001 0.000004 0.000080 0.002400 0.000180 0.030637 0.000292 0.000019 0.000327 0.000060 0.000002 0.000211
0.000023 0.000001 0.000010 0.000099 0.000013 0.000033 0.007548 0.002787 0.982175 0.000057 0.000189 0.000156 0.000121 0.000028 0.000056 0.000006 0.000005 0.000100 0.000770 0.002068 0.000945 0.002443 0.000002 0.000363
0.073443 0.034672 0.716956 0.032890 0.000256 0.128947 0.000089 0.000005 0.000078 0.003105 0.000508 0.005804 0.000049 0.000002 0.000185 0.000103 0.000025 0.000567 0.000271 0.000284 0.001743 0.000010 0.000002 0.000006
0.000633 0.002535 0.082203 0.000587 0.000765 0.068709 0.000006 0.000001 0.001083 0.000841 0.001883 0.117105 0.000038 0.000368 0.063357 0.002187 0.001861 0.648053 0.000045 0.000021 0.004824 0.000179 0.000019 0.002696
0.020536 0.010034 0.909343 0.012554 0.000377 0.040480 0.000077 0.000002 0.000069 0.003240 0.000117 0.001610 0.000004 0.000001 0.000074 0.000062 0.000002 0.000319 0.000231 0.000040 0.000819 0.000007 0.000000 0.000001
0.001910 0.000122 0.004746 0.043313 0.002690 0.090514 0.000694 0.000021 0.000286 0.007701 0.000093 0.001003 0.000140 0.000057 0.000108 0.001016 0.000044 0.001538 0.491011 0.004692 0.345854 0.002203 0.000001 0.000243
0.016015 0.005226 0.323815 0.034982 0.003194 0.466314 0.000399 0.000002 0.000891 0.003383 0.001343 0.053322 0.000565 0.000443 0.009670 0.000886 0.000550 0.016491 0.013108 0.003815 0.044739 0.000106 0.000002 0.000739
0.011685 0.013620 0.971503 0.000081 0.000101 0.001480 0.000009 0.000000 0.000007 0.000038 0.000023 0.000491 0.000003 0.000002 0.000116 0.000060 0.000003 0.000734 0.000003 0.000003 0.000036 0.000000 0.000000 0.000000
0.004266 0.006233 0.002973 0.002362 0.004278 0.014121 0.000017 0.000035 0.004103 0.001413 0.002249 0.001772 0.095734 0.110499 0.096250 0.026785 0.415164 0.038458 0.054764 0.028682 0.070144 0.010645 0.000211 0.008841
0.000152 0.000064 0.000107 0.000123 0.000012 0.000052 0.000028 0.000763 0.002732 0.001611 0.000702 0.000765 0.029812 0.107481 0.192960 0.002052 0.009450 0.001534 0.026713 0.421571 0.173093 0.005691 0.000999 0.021532
0.004692 0.006787 0.640731 0.016626 0.003590 0.307835 0.000318 0.000003 0.000041 0.000127 0.001339 0.014220 0.000008 0.000018 0.000761 0.000156 0.000034 0.001186 0.000128 0.000139 0.001208 0.000015 0.000030 0.000009
0.000893 0.000039 0.005587 0.000944 0.000029 0.000172 0.001377 0.007945 0.056247 0.006189 0.015464 0.030376 0.005956 0.066393 0.099171 0.006776 0.000728 0.015570 0.017018 0.270175 0.381210 0.006265 0.001485 0.003992
0.551292 0.027782 0.319999 0.028326 0.000553 0.006823 0.000075 0.000002 0.002648 0.000371 0.000076 0.009801 0.016037 0.004047 0.004712 0.001055 0.001282 0.003789 0.004592 0.001438 0.015144 0.000036 0.000046 0.000075
0.033840 0.019873 0.059306 0.003709 0.002158 0.001353 0.000005 0.000000 0.000399 0.000032 0.000022 0.000353 0.000369 0.000189 0.001612 0.259064 0.010487 0.602123 0.001792 0.000086 0.002313 0.000016 0.000016 0.000883
0.000054 0.000008 0.002864 0.000003 0.000014 0.000074 0.222195 0.000087 0.771613 0.000050 0.000019 0.001271 0.000006 0.000003 0.001189 0.000001 0.000000 0.000135 0.000014 0.000006 0.000108 0.000033 0.000001 0.000251
0.017535 0.004616 0.011644 0.014175 0.003621 0.140428 0.000140 0.000002 0.000668 0.003691 0.001534 0.132403 0.040499 0.010571 0.570870 0.002572 0.000418 0.003053 0.006998 0.001412 0.018781 0.000443 0.000321 0.013606
0.184581 0.136271 0.670498 0.000404 0.000640 0.003228 0.000104 0.000000 0.000014 0.000066 0.000056 0.001637 0.000033 0.000008 0.000315 0.000469 0.000005 0.001055 0.000232 0.000091 0.000287 0.000001 0.000001 0.000003
0.002984 0.000061 0.005803 0.000010 0.000003 0.000016 0.028815 0.002522 0.955269 0.000022 0.000050 0.001718 0.000096 0.000056 0.000519 0.000015 0.000008 0.000742 0.000085 0.000506 0.000150 0.000035 0.000004 0.000513
0.023674 0.000118 0.006142 0.164500 0.001120 0.118879 0.004126 0.000031 0.001721 0.006737 0.000042 0.001574 0.000097 0.000047 0.000089 0.001087 0.000057 0.001330 0.318398 0.002620 0.345732 0.001811 0.000002 0.000068
0.001241 0.000130 0.017741 0.005120 0.001667 0.827144 0.001949 0.000038 0.000082 0.004996 0.001132 0.022305 0.000002 0.000002 0.000399 0.000046 0.000005 0.001920 0.002844 0.000249 0.109978 0.000457 0.000002 0.000553
0.561081 0.029713 0.398205 0.000660 0.000301 0.000370 0.000037 0.000003 0.000161 0.000048 0.000011 0.000252 0.000750 0.000122 0.002366 0.001464 0.000098 0.001607 0.000374 0.000276 0.002077 0.000006 0.000003 0.000018
0.003459 0.002647 0.038508 0.053688 0.005787 0.806319 0.000013 0.000000 0.000232 0.000591 0.000984 0.014929 0.000043 0.000068 0.002947 0.000652 0.000577 0.049998 0.000699 0.000166 0.017061 0.000072 0.000008 0.000553
0.056313 0.001920 0.010978 0.455407 0.023019 0.376010 0.000055 0.000002 0.000156 0.003317 0.000202 0.002485 0.000250 0.000815 0.002476 0.001968 0.000148 0.003085 0.023375 0.003071 0.034630 0.000227 0.000004 0.000090
0.544877 0.194399 0.248659 0.004340 0.002110 0.003289 0.000042 0.000002 0.000080 0.000218 0.000159 0.000381 0.000228 0.000092 0.000211 0.000196 0.000035 0.000352 0.000052 0.000123 0.000148 0.000002 0.000005 0.000001
0.327704 0.045651 0.622695 0.000243 0.000270 0.002090 0.000042 0.000001 0.000025 0.000036 0.000028 0.000272 0.000016 0.000006 0.000412 0.000042 0.000003 0.000297 0.000015 0.000029 0.000121 0.000001 0.000000 0.000001
0.001172 0.002028 0.000262 0.351388 0.074395 0.563704 0.000004 0.000002 0.000186 0.000244 0.000543 0.000030 0.000075 0.000130 0.000187 0.000824 0.002017 0.001302 0.000873 0.000180 0.000256 0.000092 0.000023 0.000083
0.001726 0.000492 0.006960 0.002303 0.003235 0.382100 0.000015 0.000003 0.003020 0.000102 0.006047 0.130693 0.000019 0.000730 0.028562 0.001818 0.000323 0.428618 0.000005 0.000016 0.000802 0.000476 0.000053 0.001883
0.410691 0.017830 0.263875 0.086496 0.001755 0.205950 0.000110 0.000010 0.000104 0.001771 0.000061 0.000813 0.000020 0.000004 0.000157 0.000196 0.000007 0.001875 0.001269 0.000089 0.006887 0.000024 0.000002 0.000003
0.000913 0.000075 0.000383 0.000539 0.000257 0.001938 0.000044 0.000218 0.003345 0.001222 0.004733 0.004288 0.062460 0.014704 0.831065 0.003053 0.000384 0.005238 0.002736 0.002557 0.048213 0.001849 0.000107 0.009678
0.000011 0.000001 0.000064 0.000010 0.000007 0.000553 0.101214 0.000863 0.889164 0.000037 0.000362 0.000615 0.000136 0.000119 0.005864 0.000000 0.000000 0.000021 0.000079 0.000033 0.000685 0.000074 0.000007 0.000081
0.003637 0.000591 0.023655 0.132681 0.004453 0.642030 0.000634 0.000002 0.001033 0.016433 0.001097 0.042625 0.000089 0.000019 0.000317 0.003424 0.000029 0.007267 0.005997 0.000815 0.112394 0.000148 0.000014 0.000617
0.161409 0.033960 0.460376 0.067680 0.003358 0.222463 0.000107 0.000002 0.000436 0.004260 0.000380 0.006208 0.000224 0.000030 0.002810 0.004176 0.000110 0.007115 0.004195 0.000857 0.019652 0.000040 0.000005 0.000147
0.458524 0.052491 0.401453 0.004068 0.001819 0.004019 0.000090 0.000004 0.000752 0.000677 0.000093 0.005651 0.003424 0.000598 0.007656 0.009780 0.000373 0.011217 0.004821 0.001144 0.031055 0.000025 0.000006 0.000259
0.108774 0.022728 0.021091 0.011721 0.007986 0.026572 0.000016 0.000023 0.012397 0.002025 0.001690 0.016430 0.017130 0.006195 0.246512 0.054283 0.007955 0.297505 0.010800 0.005102 0.097760 0.002422 0.000093 0.022787
0.000246 0.000035 0.001291 0.000011 0.000013 0.000073 0.000385 0.002629 0.014329 0.241177 0.031622 0.531813 0.000763 0.000264 0.026253 0.000151 0.000011 0.001062 0.000387 0.014600 0.111238 0.008040 0.000030 0.013577
0.062702 0.072493 0.556620 0.022138 0.004069 0.193122 0.000029 0.000000 0.001646 0.002057 0.001263 0.051217 0.000388 0.000166 0.011101 0.001016 0.001412 0.012526 0.000453 0.000403 0.004767 0.000026 0.000009 0.000378
0.008074 0.004824 0.003346 0.003445 0.003345 0.001483 0.000001 0.000001 0.000139 0.000026 0.000012 0.000086 0.000070 0.000172 0.001271 0.609911 0.013968 0.346916 0.000628 0.000053 0.000493 0.000025 0.000017 0.001694
0.001187 0.000413 0.113752 0.007687 0.003290 0.854583 0.000032 0.000000 0.000030 0.000195 0.000047 0.001360 0.000000 0.000001 0.000135 0.000698 0.000013 0.014398 0.000092 0.000003 0.002039 0.000009 0.000001 0.000035
0.370154 0.060095 0.268235 0.064266 0.012594 0.027769 0.000015 0.000001 0.000105 0.000142 0.000044 0.000395 0.000064 0.000078 0.000449 0.145259 0.001568 0.048021 0.000211 0.000016 0.000426 0.000016 0.000012 0.000062
0.268010 0.064291 0.386737 0.017536 0.000943 0.019338 0.000035 0.000001 0.000863 0.000351 0.000063 0.010027 0.001577 0.001872 0.020342 0.044555 0.010506 0.128502 0.006058 0.000404 0.017663 0.000017 0.000033 0.000277
0.000092 0.002167 0.000376 0.000123 0.000212 0.000268 0.000000 0.000001 0.000089 0.000003 0.000026 0.000009 0.000001 0.000065 0.000384 0.018038 0.121289 0.856557 0.000005 0.000013 0.000034 0.000004 0.000012 0.000232
0.000706 0.002603 0.000158 0.000876 0.000973 0.000132 0.000001 0.000005 0.000136 0.000185 0.000062 0.000027 0.000233 0.047608 0.001358 0.115741 0.690961 0.120562 0.006174 0.003645 0.006268 0.001208 0.000140 0.000236
0.067276 0.004071 0.011654 0.725297 0.019378 0.157288 0.000045 0.000005 0.000025 0.000488 0.000468 0.000384 0.000004 0.000049 0.000197 0.001153 0.000099 0.009809 0.001649 0.000157 0.000395 0.000058 0.000040 0.000010
0.040572 0.002001 0.842327 0.000474 0.000015 0.000306 0.017074 0.000104 0.002511 0.020818 0.000446 0.006558 0.003359 0.000098 0.002441 0.000050 0.000005 0.000080 0.014554 0.008988 0.037121 0.000079 0.000003 0.000015
0.000138 0.001876 0.000444 0.000437 0.000395 0.001932 0.000000 0.000000 0.000073 0.000025 0.000067 0.000326 0.000023 0.001608 0.002922 0.088381 0.101329 0.799273 0.000110 0.000018 0.000172 0.000029 0.000011 0.000411
0.672779 0.029244 0.274084 0.004720 0.000163 0.000908 0.000093 0.000001 0.000016 0.000047 0.000003 0.000011 0.000225 0.000232 0.000336 0.000643 0.000030 0.000333 0.014644 0.000251 0.001235 0.000002 0.000001 0.000000
0.018216 0.035701 0.711742 0.007906 0.001845 0.112901 0.000190 0.000000 0.000230 0.000202 0.000460 0.012139 0.000042 0.000116 0.002600 0.003519 0.000702 0.088063 0.000779 0.000074 0.002516 0.000011 0.000003 0.000043
0.096040 0.043763 0.747733 0.019657 0.004812 0.028446 0.000044 0.000000 0.000088 0.000134 0.000047 0.001208 0.000044 0.000100 0.000752 0.011442 0.000374 0.044503 0.000312 0.000028 0.000454 0.000008 0.000003 0.000008
0.002027 0.002480 0.007252 0.292451 0.039694 0.261938 0.000007 0.000000 0.000087 0.001654 0.000663 0.002289 0.000016 0.000117 0.000320 0.059748 0.005739 0.312702 0.006389 0.000505 0.002300 0.000636 0.000006 0.000981
0.001556 0.001553 0.093401 0.007912 0.001981 0.238957 0.000054 0.000000 0.000446 0.001896 0.005996 0.476782 0.000071 0.000640 0.013769 0.001045 0.000345 0.145086 0.000348 0.000075 0.007360 0.000318 0.000007 0.000403
0.000467 0.000044 0.000703 0.000077 0.000041 0.000892 0.000010 0.000001 0.000223 0.000036 0.000053 0.000359 0.017156 0.001732 0.974969 0.000410 0.000031 0.001693 0.000097 0.000026 0.000820 0.000052 0.000030 0.000076
0.000620 0.003822 0.000358 0.000470 0.001846 0.001497 0.000001 0.000001 0.000096 0.000050 0.000045 0.000151 0.000376 0.052380 0.017328 0.254417 0.136848 0.527402 0.000075 0.000040 0.000066 0.000169 0.001456 0.000485
0.048929 0.032377 0.461263 0.003888 0.003044 0.046143 0.000020 0.000000 0.000021 0.000141 0.000397 0.001004 0.000006 0.000140 0.000661 0.021189 0.000901 0.379704 0.000029 0.000017 0.000083 0.000007 0.000015 0.000023
0.093808 0.046087 0.282699 0.003275 0.001538 0.001241 0.000031 0.000001 0.001615 0.000202 0.000110 0.001947 0.001662 0.006174 0.016747 0.128715 0.008231 0.386722 0.006899 0.002474 0.009095 0.000095 0.000022 0.000614
0.003267 0.002835 0.967531 0.000593 0.000425 0.016145 0.000082 0.000000 0.000019 0.000791 0.000339 0.002756 0.000001 0.000001 0.000139 0.000333 0.000003 0.004577 0.000011 0.000003 0.000141 0.000003 0.000001 0.000004
0.009807 0.011952 0.344445 0.019338 0.009697 0.096262 0.000021 0.000000 0.000103 0.000114 0.000117 0.003121 0.000024 0.000184 0.000391 0.066672 0.000869 0.434690 0.000534 0.000017 0.001554 0.000027 0.000005 0.000057
0.033052 0.080339 0.852235 0.000120 0.000168 0.000971 0.000029 0.000001 0.000115 0.000006 0.000183 0.000224 0.000285 0.000048 0.006836 0.001015 0.000458 0.023691 0.000008 0.000013 0.000182 0.000001 0.000011 0.000010
0.001517 0.000221 0.001412 0.000206 0.000802 0.000024 0.008854 0.633418 0.071192 0.011140 0.074364 0.000857 0.016810 0.010029 0.034152 0.003133 0.009086 0.000971 0.006523 0.058991 0.012343 0.030839 0.006293 0.006823
0.002539 0.003938 0.016962 0.013163 0.010669 0.059807 0.000304 0.000008 0.000565 0.000270 0.003284 0.006400 0.000064 0.000618 0.000463 0.048528 0.284864 0.539015 0.000403 0.001451 0.003081 0.000337 0.000369 0.002899
0.000029 0.000012 0.000338 0.000664 0.004139 0.037253 0.000076 0.000323 0.001918 0.000166 0.253911 0.113539 0.004152 0.131541 0.229913 0.000691 0.001905 0.024153 0.000118 0.000249 0.008061 0.004130 0.003413 0.179304
0.074699 0.000706 0.084026 0.015513 0.000227 0.012481 0.001766 0.001167 0.003426 0.027828 0.000082 0.029642 0.003390 0.001028 0.008659 0.000116 0.000184 0.000075 0.028995 0.001160 0.703471 0.001260 0.000034 0.000067
0.065847 0.010620 0.276563 0.169217 0.009309 0.272562 0.000174 0.000001 0.001536 0.004152 0.002839 0.054292 0.003169 0.000580 0.013321 0.003915 0.010470 0.020944 0.005300 0.000835 0.073044 0.000197 0.000043 0.001070
0.055513 0.004943 0.319729 0.019604 0.000944 0.015812 0.000123 0.000019 0.001222 0.004846 0.000141 0.009604 0.013291 0.000758 0.007437 0.002963 0.001419 0.001980 0.064955 0.006012 0.466364 0.001301 0.000010 0.001010
0.006652 0.000196 0.022769 0.000373 0.000019 0.000026 0.000865 0.000846 0.000785 0.001377 0.000036 0.000038 0.004151 0.000004 0.000590 0.000030 0.000010 0.000024 0.109109 0.008531 0.842588 0.000944 0.000006 0.000033
0.000217 0.000007 0.000118 0.000002 0.000000 0.000005 0.001490 0.002751 0.991393 0.000008 0.000016 0.000003 0.000255 0.000005 0.000036 0.000000 0.000000 0.000033 0.000791 0.000354 0.002461 0.000031 0.000001 0.000022
0.000141 0.000092 0.002562 0.043127 0.016534 0.929038 0.000016 0.000000 0.000032 0.000112 0.000427 0.001136 0.000001 0.000001 0.000009 0.000744 0.000032 0.005635 0.000021 0.000001 0.000197 0.000011 0.000003 0.000129
0.086481 0.003040 0.038802 0.641037 0.036054 0.127129 0.000135 0.000006 0.000439 0.002846 0.000231 0.001853 0.000658 0.000031 0.000926 0.010048 0.000266 0.008190 0.017162 0.000470 0.022945 0.000197 0.000010 0.001043
0.002287 0.000553 0.776792 0.001040 0.001449 0.088651 0.000807 0.000008 0.000138 0.009928 0.000788 0.092718 0.000004 0.000000 0.000985 0.000015 0.000001 0.000558 0.000128 0.000074 0.022720 0.000018 0.000000 0.000338
0.002686 0.003631 0.004050 0.020657 0.104674 0.073187 0.000003 0.000007 0.000267 0.000057 0.000350 0.000126 0.000010 0.000026 0.004794 0.100597 0.016900 0.665077 0.000015 0.000036 0.000167 0.000043 0.000328 0.002314
0.098745 0.144013 0.513182 0.004167 0.001543 0.001403 0.000014 0.000482 0.005606 0.000164 0.004575 0.000278 0.003515 0.000019 0.042889 0.031150 0.013661 0.123269 0.000033 0.000193 0.002252 0.000165 0.003287 0.005398
0.003332 0.000549 0.062548 0.057635 0.005321 0.724854 0.000023 0.000001 0.000327 0.002299 0.001819 0.032252 0.000123 0.000053 0.002843 0.000295 0.000183 0.007040 0.001509 0.000308 0.095504 0.000624 0.000006 0.000550
0.000055 0.000005 0.000187 0.000048 0.000004 0.000047 0.000005 0.000005 0.000223 0.000144 0.000018 0.000105 0.000663 0.000005 0.000631 0.000022 0.000017 0.000101 0.009085 0.002560 0.983316 0.002265 0.000002 0.000487
0.001705 0.000016 0.000670 0.003159 0.000013 0.000731 0.000027 0.000005 0.000418 0.001214 0.000064 0.000904 0.018759 0.001089 0.016730 0.000049 0.000041 0.000121 0.099264 0.003286 0.849739 0.001653 0.000022 0.000322
0.016554 0.001944 0.091292 0.016834 0.004361 0.267536 0.000014 0.000000 0.000355 0.000105 0.000507 0.005438 0.000102 0.000290 0.006063 0.013328 0.001764 0.553494 0.000211 0.000025 0.019087 0.000064 0.000038 0.000594
0.004138 0.000743 0.026837 0.000585 0.000173 0.001475 0.001590 0.035451 0.207250 0.133324 0.100581 0.127498 0.121763 0.004268 0.063287 0.000120 0.000368 0.000336 0.001827 0.025604 0.122605 0.008773 0.000160 0.011245
0.264541 0.080105 0.623507 0.001728 0.000083 0.001864 0.000007 0.000004 0.000097 0.000026 0.000049 0.000172 0.000267 0.000042 0.000210 0.002422 0.001242 0.023461 0.000011 0.000005 0.000128 0.000001 0.000013 0.000013
0.001499 0.016998 0.056655 0.000597 0.001488 0.009575 0.000002 0.000002 0.001609 0.000057 0.000732 0.002324 0.000809 0.000424 0.021671 0.008442 0.090684 0.768817 0.000120 0.000110 0.011593 0.000179 0.000082 0.005532
0.003134 0.003972 0.022971 0.000366 0.000267 0.071565 0.000019 0.000003 0.001077 0.000129 0.001255 0.001195 0.004054 0.000870 0.880333 0.000167 0.000498 0.007396 0.000004 0.000002 0.000150 0.000008 0.000126 0.000440
0.000834 0.004984 0.001448 0.000566 0.014079 0.001126 0.000002 0.000007 0.000138 0.000019 0.000831 0.000022 0.000155 0.000500 0.000775 0.032528 0.467787 0.468041 0.000013 0.000223 0.000099 0.000157 0.002644 0.003024
0.168276 0.002047 0.752433 0.005869 0.002409 0.034826 0.001923 0.000064 0.001042 0.000954 0.002268 0.005092 0.000376 0.000408 0.015792 0.000103 0.000021 0.001446 0.000309 0.000315 0.003926 0.000056 0.000023 0.000022
