0.000384 0.000125 0.001277 0.008586 0.007313 0.214468 0.000060 0.000030 0.000077 0.010719 0.005614 0.473460 0.000338 0.002199 0.205795 0.007673 0.000384 0.023723 0.000048 0.000045 0.001540 0.000765 0.005549 0.029826
0.000194 0.000377 0.000482 0.001373 0.006801 0.013465 0.000043 0.000216 0.000863 0.000031 0.005452 0.002057 0.008058 0.259100 0.462267 0.003815 0.044230 0.062642 0.000195 0.002977 0.001107 0.000869 0.094016 0.029369
0.000222 0.000004 0.000027 0.001211 0.000326 0.001478 0.002229 0.005742 0.914517 0.000009 0.000766 0.000398 0.005977 0.001442 0.018028 0.000144 0.000167 0.000875 0.000065 0.000081 0.000868 0.001750 0.029228 0.014447
0.032193 0.003829 0.054546 0.007586 0.001689 0.003822 0.195411 0.002100 0.538312 0.000267 0.001226 0.002334 0.009423 0.004009 0.001191 0.011496 0.008241 0.089364 0.002692 0.001148 0.017871 0.002425 0.003715 0.005110
0.370345 0.002743 0.446087 0.035749 0.000596 0.003447 0.016106 0.000178 0.010490 0.001280 0.000084 0.000221 0.000534 0.000010 0.000391 0.000412 0.000090 0.001566 0.038904 0.005331 0.065036 0.000346 0.000016 0.000038
0.908372 0.009161 0.072525 0.006222 0.000114 0.000112 0.000088 0.000002 0.000099 0.000031 0.000006 0.000010 0.000649 0.000007 0.000017 0.000153 0.000020 0.000113 0.001467 0.000151 0.000676 0.000002 0.000002 0.000000
0.000670 0.000077 0.008554 0.003862 0.001910 0.008354 0.000101 0.000124 0.002308 0.046492 0.020343 0.019678 0.001419 0.000114 0.029534 0.001256 0.000200 0.020894 0.030994 0.008746 0.783335 0.005180 0.000021 0.005833
0.129476 0.024999 0.630029 0.016470 0.001064 0.041462 0.000030 0.000000 0.000346 0.000175 0.000384 0.002786 0.036134 0.004579 0.100543 0.000732 0.000379 0.009092 0.000218 0.000024 0.000941 0.000001 0.000123 0.000015
0.001202 0.000661 0.027652 0.000363 0.000526 0.000229 0.000245 0.000011 0.000146 0.000158 0.000010 0.000028 0.000467 0.000347 0.000219 0.007739 0.004491 0.010147 0.716400 0.023512 0.205177 0.000112 0.000004 0.000153
0.001257 0.000236 0.012302 0.004751 0.001822 0.120302 0.000057 0.000003 0.001160 0.008204 0.241227 0.507816 0.000089 0.000698 0.011613 0.000259 0.000330 0.069223 0.000160 0.000989 0.005524 0.000367 0.000016 0.011593
0.004876 0.000629 0.770004 0.001797 0.000442 0.146594 0.000162 0.000000 0.000248 0.002918 0.000393 0.042780 0.000030 0.000008 0.003188 0.000019 0.000002 0.001612 0.000785 0.000168 0.023297 0.000008 0.000000 0.000039
0.016690 0.001609 0.127179 0.045263 0.001432 0.201083 0.000029 0.000000 0.001719 0.003077 0.004737 0.098713 0.001249 0.001399 0.059345 0.009334 0.001128 0.348165 0.002759 0.000567 0.072914 0.000127 0.000016 0.001466
0.012935 0.000800 0.245951 0.016420 0.001067 0.401743 0.000147 0.000000 0.001626 0.007116 0.000987 0.094698 0.000386 0.000299 0.046873 0.000172 0.000052 0.009110 0.004856 0.000777 0.153607 0.000119 0.000001 0.000258
0.000646 0.000041 0.008555 0.000078 0.000018 0.018024 0.000007 0.000000 0.001391 0.000121 0.000487 0.030710 0.000189 0.001337 0.889068 0.000264 0.000054 0.043642 0.000085 0.000012 0.004427 0.000018 0.000005 0.000824
0.770674 0.034625 0.177903 0.011114 0.000932 0.003095 0.000014 0.000000 0.000010 0.000098 0.000021 0.000032 0.000006 0.000006 0.000033 0.000309 0.000011 0.001051 0.000041 0.000003 0.000022 0.000000 0.000000 0.000000
0.001883 0.000051 0.005368 0.000085 0.000032 0.001148 0.014113 0.000023 0.976413 0.000002 0.000010 0.000054 0.000009 0.000005 0.000438 0.000001 0.000000 0.000311 0.000017 0.000002 0.000027 0.000001 0.000001 0.000004
0.009217 0.000927 0.849048 0.001344 0.000220 0.031879 0.003543 0.000003 0.000772 0.026653 0.000507 0.068274 0.000001 0.000000 0.000366 0.000024 0.000000 0.000873 0.000127 0.000024 0.006149 0.000018 0.000000 0.000032
0.068075 0.010847 0.910119 0.000183 0.000043 0.000353 0.000037 0.000000 0.000088 0.000360 0.000038 0.003283 0.000021 0.000025 0.000702 0.001552 0.000043 0.003359 0.000049 0.000017 0.000800 0.000001 0.000001 0.000006
0.000789 0.000387 0.000418 0.016431 0.007933 0.001514 0.000046 0.000082 0.000607 0.004348 0.002647 0.000303 0.002665 0.046427 0.072188 0.021295 0.028646 0.020351 0.229953 0.222097 0.296916 0.018240 0.000261 0.005456
0.065342 0.003195 0.376708 0.105973 0.003755 0.196039 0.000680 0.000001 0.001163 0.005970 0.002436 0.082542 0.001668 0.002420 0.073575 0.002322 0.000819 0.039843 0.010369 0.002803 0.021542 0.000088 0.000006 0.000742
0.000030 0.000085 0.007259 0.000137 0.000325 0.007347 0.000001 0.000000 0.000082 0.000062 0.000151 0.003758 0.000001 0.000030 0.002031 0.004460 0.000478 0.972913 0.000014 0.000003 0.000261 0.000018 0.000001 0.000554
0.000165 0.000025 0.002381 0.000016 0.000005 0.000035 0.021197 0.000459 0.974327 0.000175 0.000018 0.000079 0.000027 0.000005 0.000176 0.000000 0.000000 0.000021 0.000050 0.000107 0.000386 0.000341 0.000001 0.000003
0.013085 0.002257 0.528010 0.011195 0.000202 0.088070 0.000105 0.000001 0.005043 0.004540 0.000651 0.066523 0.004988 0.001348 0.087981 0.001029 0.001573 0.026243 0.019785 0.001141 0.134295 0.000121 0.000006 0.001808
0.000056 0.000052 0.000932 0.000149 0.000473 0.003565 0.000051 0.001229 0.004138 0.082509 0.213345 0.217065 0.000280 0.004235 0.194927 0.000494 0.000865 0.031377 0.000356 0.007977 0.031075 0.001517 0.000093 0.203239
0.000210 0.000017 0.001106 0.034453 0.000671 0.119561 0.000014 0.000003 0.000047 0.344061 0.021531 0.442414 0.000028 0.000145 0.023196 0.000588 0.000029 0.001980 0.000403 0.000074 0.005511 0.000750 0.000018 0.003189
0.001943 0.008334 0.004407 0.000453 0.000706 0.000082 0.000005 0.000001 0.000111 0.000021 0.000036 0.000013 0.000242 0.000297 0.001868 0.178600 0.422634 0.375838 0.000578 0.000609 0.000414 0.000080 0.000193 0.002534
0.088081 0.002393 0.845542 0.014133 0.000118 0.008162 0.000055 0.000000 0.000390 0.002825 0.000064 0.003981 0.000035 0.000068 0.003315 0.001533 0.000056 0.012892 0.003726 0.001293 0.011287 0.000013 0.000000 0.000037
0.001263 0.000482 0.982643 0.000496 0.000033 0.010443 0.000022 0.000000 0.000009 0.000528 0.000115 0.002710 0.000000 0.000000 0.000094 0.000019 0.000001 0.000996 0.000011 0.000001 0.000132 0.000000 0.000000 0.000002
0.002614 0.002898 0.991594 0.000031 0.000039 0.000588 0.000004 0.000000 0.000003 0.000018 0.000026 0.000348 0.000001 0.000001 0.000057 0.000043 0.000003 0.001715 0.000001 0.000000 0.000016 0.000000 0.000000 0.000000
0.000627 0.000050 0.000253 0.000608 0.000204 0.000329 0.000003 0.000015 0.001334 0.000064 0.000678 0.000052 0.038981 0.304063 0.562955 0.007872 0.056587 0.009122 0.004670 0.000877 0.007063 0.001043 0.000516 0.002034
0.000273 0.000014 0.000018 0.000030 0.000040 0.000025 0.000004 0.000012 0.002288 0.000005 0.000181 0.000012 0.020916 0.493671 0.471896 0.001549 0.001311 0.002182 0.000445 0.000202 0.002787 0.000241 0.000707 0.001191
0.000982 0.000003 0.003353 0.004277 0.000237 0.114504 0.001537 0.000003 0.000284 0.012499 0.000290 0.011394 0.000048 0.000119 0.009053 0.000173 0.000006 0.001347 0.010566 0.000024 0.828405 0.000697 0.000006 0.000194
0.304086 0.062684 0.623322 0.001389 0.000301 0.005023 0.000008 0.000000 0.000012 0.000623 0.000217 0.001304 0.000008 0.000001 0.000124 0.000080 0.000003 0.000536 0.000007 0.000003 0.000268 0.000001 0.000001 0.000001
0.015908 0.041927 0.012391 0.000064 0.000614 0.000024 0.000005 0.000003 0.001959 0.000022 0.000012 0.000012 0.014564 0.054646 0.325678 0.076095 0.119796 0.318959 0.001329 0.012197 0.002020 0.000032 0.000730 0.001014
0.000024 0.000001 0.000641 0.000001 0.000003 0.000010 0.007072 0.000013 0.987907 0.000002 0.000002 0.000007 0.000022 0.000001 0.004182 0.000000 0.000000 0.000036 0.000004 0.000003 0.000041 0.000002 0.000001 0.000026
0.000418 0.000009 0.009593 0.100476 0.001046 0.606074 0.000061 0.000005 0.000381 0.093488 0.004140 0.114128 0.000001 0.000000 0.000148 0.000164 0.000004 0.003008 0.000311 0.000019 0.065338 0.000213 0.000003 0.000972
0.002624 0.000168 0.004203 0.002358 0.000222 0.000946 0.000028 0.000862 0.005591 0.005100 0.006608 0.007773 0.011593 0.003044 0.095578 0.005103 0.004739 0.022865 0.022103 0.164773 0.457507 0.006124 0.000181 0.169907
0.013841 0.005250 0.978975 0.000188 0.000050 0.001066 0.000013 0.000000 0.000006 0.000017 0.000022 0.000088 0.000002 0.000001 0.000151 0.000033 0.000009 0.000255 0.000007 0.000002 0.000024 0.000000 0.000000 0.000000
0.028402 0.024246 0.897325 0.009863 0.007321 0.009110 0.000182 0.000137 0.002110 0.001436 0.004617 0.000286 0.000082 0.000004 0.001984 0.003052 0.000757 0.008506 0.000025 0.000025 0.000051 0.000014 0.000044 0.000419
0.002951 0.001016 0.898405 0.001607 0.000420 0.028464 0.000012 0.000000 0.000187 0.000806 0.000903 0.006687 0.000011 0.000009 0.003322 0.000850 0.000073 0.053713 0.000014 0.000002 0.000383 0.000006 0.000003 0.000158
0.000570 0.000320 0.000269 0.002018 0.000379 0.000158 0.000001 0.000002 0.000258 0.000051 0.000133 0.000008 0.000997 0.001744 0.002101 0.152896 0.774184 0.055170 0.001492 0.000637 0.002161 0.001206 0.000118 0.003126
0.020267 0.000869 0.012464 0.000067 0.000107 0.000128 0.000187 0.000015 0.006035 0.001233 0.000428 0.000210 0.066794 0.044101 0.843640 0.001724 0.000118 0.000443 0.000209 0.000158 0.000369 0.000096 0.000110 0.000228
0.071546 0.005606 0.682362 0.004957 0.025922 0.121907 0.000121 0.000004 0.000162 0.001394 0.000530 0.003171 0.000035 0.000274 0.004010 0.000913 0.000088 0.024132 0.000945 0.000097 0.051677 0.000091 0.000025 0.000031
0.146044 0.005527 0.320263 0.254776 0.019128 0.082138 0.000103 0.000001 0.000873 0.012324 0.000780 0.016702 0.000719 0.000129 0.001672 0.013934 0.000334 0.034940 0.017166 0.000446 0.071377 0.000120 0.000007 0.000495
0.000630 0.000079 0.135430 0.000328 0.000314 0.007610 0.000646 0.000002 0.000409 0.040809 0.003546 0.793537 0.000010 0.000006 0.004325 0.000023 0.000001 0.001776 0.000081 0.000039 0.009396 0.000078 0.000000 0.000924
0.000022 0.000000 0.000581 0.000002 0.000000 0.000003 0.018038 0.001084 0.976124 0.000037 0.000207 0.000879 0.000036 0.000009 0.001799 0.000001 0.000000 0.000159 0.000020 0.000278 0.000301 0.000065 0.000002 0.000352
0.007384 0.014301 0.971360 0.000069 0.000026 0.001647 0.000026 0.000009 0.001632 0.000006 0.000032 0.000545 0.000067 0.000006 0.000081 0.000010 0.000158 0.002314 0.000003 0.000016 0.000286 0.000001 0.000007 0.000016
0.000101 0.000779 0.000262 0.000986 0.004644 0.001931 0.000000 0.000000 0.000011 0.000004 0.000005 0.000023 0.000006 0.000034 0.000016 0.151082 0.030243 0.808834 0.000016 0.000002 0.000048 0.000008 0.000006 0.000957
0.000103 0.000626 0.000045 0.000418 0.001110 0.000319 0.000000 0.000001 0.000117 0.000001 0.000040 0.000039 0.000477 0.005165 0.001653 0.010656 0.759125 0.216869 0.000005 0.000078 0.000096 0.000039 0.001489 0.001529
0.005032 0.000488 0.954823 0.000131 0.000009 0.016287 0.000030 0.000002 0.000059 0.000436 0.000117 0.020836 0.000002 0.000002 0.001044 0.000005 0.000001 0.000349 0.000007 0.000006 0.000328 0.000001 0.000000 0.000004
0.393560 0.024362 0.408049 0.063941 0.001877 0.014962 0.000039 0.000001 0.001089 0.000918 0.000075 0.012688 0.002988 0.000678 0.002015 0.013154 0.002015 0.032429 0.007006 0.000373 0.017600 0.000033 0.000007 0.000142
0.616179 0.336282 0.039164 0.005277 0.000368 0.000152 0.000015 0.000000 0.000014 0.000045 0.000010 0.000027 0.000486 0.000026 0.000009 0.001050 0.000336 0.000422 0.000069 0.000010 0.000054 0.000003 0.000002 0.000001
0.861928 0.016902 0.116145 0.001901 0.000258 0.000514 0.000127 0.000001 0.000113 0.000040 0.000005 0.000218 0.000746 0.000036 0.000038 0.000100 0.000019 0.000210 0.000312 0.000044 0.000333 0.000009 0.000001 0.000001
0.000930 0.000446 0.071063 0.018409 0.006188 0.874318 0.000240 0.000000 0.000163 0.003075 0.002854 0.014513 0.000004 0.000002 0.000232 0.000126 0.000011 0.006264 0.000142 0.000013 0.000896 0.000035 0.000001 0.000076
0.078271 0.032216 0.883812 0.000796 0.000327 0.001615 0.000016 0.000000 0.000009 0.000187 0.000037 0.000402 0.000006 0.000002 0.000040 0.000508 0.000017 0.001688 0.000010 0.000002 0.000035 0.000001 0.000001 0.000000
0.019017 0.000354 0.003233 0.692520 0.122608 0.139256 0.000032 0.000000 0.000036 0.000355 0.000045 0.000149 0.000018 0.000062 0.000067 0.002961 0.000139 0.003985 0.011233 0.000235 0.003522 0.000166 0.000001 0.000008
0.179480 0.052418 0.687474 0.023571 0.007465 0.020368 0.000355 0.000000 0.000139 0.002989 0.001374 0.016066 0.000299 0.000071 0.001421 0.000665 0.000183 0.002524 0.000849 0.000456 0.001794 0.000021 0.000002 0.000016
0.059715 0.005449 0.046476 0.011529 0.003906 0.051976 0.000037 0.000002 0.003468 0.001743 0.000412 0.036919 0.013550 0.044527 0.170865 0.043597 0.021624 0.234541 0.051228 0.001886 0.188560 0.006537 0.000060 0.001395
0.079152 0.028130 0.329748 0.010641 0.007965 0.045645 0.000342 0.000000 0.000792 0.001361 0.001134 0.034599 0.002242 0.004223 0.005226 0.034307 0.034327 0.296000 0.011910 0.001668 0.069372 0.000119 0.000043 0.001055
0.000158 0.000006 0.000367 0.000008 0.000024 0.000035 0.012189 0.004497 0.934203 0.000169 0.001672 0.005818 0.000734 0.000939 0.002683 0.000025 0.000079 0.003712 0.000226 0.004602 0.014643 0.005189 0.000016 0.008008
0.013373 0.000424 0.075810 0.003508 0.000502 0.044547 0.000087 0.000001 0.003795 0.006972 0.001296 0.202239 0.012622 0.006129 0.040762 0.001224 0.000738 0.021416 0.012213 0.004713 0.544935 0.001050 0.000022 0.001621
0.000216 0.000044 0.021689 0.016676 0.001697 0.947299 0.000017 0.000000 0.000028 0.004008 0.000945 0.005558 0.000000 0.000000 0.000020 0.000078 0.000001 0.001230 0.000021 0.000002 0.000443 0.000004 0.000000 0.000021
0.010015 0.000269 0.003954 0.806338 0.003639 0.153464 0.000003 0.000000 0.000091 0.001239 0.000100 0.000276 0.000025 0.000010 0.000029 0.006175 0.000213 0.006169 0.003764 0.000071 0.004094 0.000029 0.000001 0.000033
0.646142 0.108368 0.211405 0.022913 0.006180 0.001347 0.000014 0.000001 0.000025 0.000276 0.000051 0.000048 0.000079 0.000015 0.000044 0.001631 0.000242 0.000956 0.000066 0.000048 0.000146 0.000002 0.000002 0.000001
0.000173 0.000374 0.000066 0.000056 0.000048 0.000033 0.000001 0.000003 0.000066 0.000003 0.000028 0.000006 0.003490 0.583838 0.009721 0.001886 0.391824 0.002794 0.000742 0.001455 0.002867 0.000027 0.000403 0.000095
0.018636 0.002378 0.033893 0.129107 0.024356 0.434933 0.000030 0.000000 0.000162 0.000147 0.001299 0.002783 0.000048 0.001203 0.000677 0.020742 0.007067 0.320262 0.000611 0.000164 0.001312 0.000027 0.000045 0.000117
0.000030 0.000007 0.000115 0.000117 0.000019 0.000711 0.003541 0.000022 0.993961 0.000000 0.000037 0.000068 0.000008 0.000010 0.000018 0.000005 0.000004 0.001223 0.000015 0.000005 0.000047 0.000008 0.000004 0.000025
0.030920 0.048420 0.886119 0.000090 0.000090 0.000644 0.000445 0.000009 0.001292 0.000006 0.000111 0.000263 0.000127 0.000005 0.000620 0.001194 0.000092 0.029261 0.000021 0.000012 0.000181 0.000001 0.000008 0.000069
0.000022 0.000001 0.000298 0.000006 0.000004 0.000421 0.000007 0.000003 0.000134 0.001429 0.000792 0.976026 0.000001 0.000002 0.000337 0.000017 0.000000 0.001898 0.000008 0.000016 0.016552 0.000200 0.000001 0.001826
0.005577 0.000261 0.003036 0.035685 0.002377 0.048377 0.000007 0.000003 0.000368 0.086548 0.002827 0.137139 0.000050 0.000391 0.004385 0.031626 0.000517 0.142986 0.006689 0.002472 0.472495 0.004792 0.000081 0.011309
0.002354 0.000225 0.000235 0.778691 0.085626 0.127335 0.000002 0.000000 0.000004 0.000743 0.000046 0.000095 0.000001 0.000002 0.000013 0.001150 0.000070 0.000814 0.001809 0.000039 0.000682 0.000040 0.000002 0.000023
0.000069 0.000003 0.000592 0.001658 0.000125 0.030464 0.000009 0.000000 0.000079 0.007095 0.001255 0.952344 0.000000 0.000002 0.000265 0.000037 0.000001 0.001484 0.000006 0.000003 0.002813 0.000203 0.000002 0.001490
0.475472 0.057773 0.461609 0.000312 0.000065 0.000091 0.000024 0.000000 0.000020 0.000014 0.000001 0.000059 0.000026 0.000003 0.000042 0.002831 0.000031 0.001573 0.000009 0.000000 0.000042 0.000000 0.000001 0.000001
0.011502 0.002800 0.979798 0.000018 0.000057 0.000398 0.000023 0.000000 0.000018 0.000004 0.000004 0.000956 0.000008 0.000005 0.001129 0.000066 0.000003 0.003134 0.000006 0.000001 0.000065 0.000000 0.000000 0.000005
0.245834 0.024788 0.212586 0.047641 0.004799 0.054577 0.000066 0.000000 0.002098 0.000788 0.000102 0.011040 0.002530 0.004325 0.003549 0.085051 0.016380 0.212524 0.018667 0.000517 0.051152 0.000083 0.000016 0.000889
0.000444 0.000032 0.002932 0.000532 0.000416 0.001406 0.010376 0.077589 0.225519 0.036740 0.245987 0.005820 0.000971 0.001668 0.050521 0.001115 0.000122 0.014672 0.011891 0.016224 0.134331 0.050639 0.000111 0.109944
0.000301 0.000388 0.000164 0.000003 0.000008 0.000001 0.000013 0.000005 0.001388 0.000008 0.000016 0.000012 0.207822 0.661273 0.082288 0.000859 0.036880 0.000972 0.000840 0.003904 0.001767 0.000037 0.000808 0.000244
0.001670 0.000019 0.014545 0.000729 0.000224 0.005224 0.006085 0.000005 0.000836 0.016585 0.000149 0.148350 0.000257 0.003527 0.032022 0.000307 0.000010 0.000489 0.030811 0.000528 0.736178 0.001267 0.000051 0.000132
0.000032 0.000001 0.000048 0.000004 0.000001 0.000109 0.003074 0.000116 0.988657 0.000044 0.000080 0.000564 0.000239 0.002170 0.001571 0.000000 0.000001 0.000018 0.000119 0.000211 0.002858 0.000033 0.000018 0.000031
0.000283 0.000161 0.007023 0.031435 0.009762 0.848152 0.000083 0.000002 0.000243 0.020456 0.010994 0.040865 0.000009 0.000003 0.000377 0.003469 0.000017 0.008032 0.000084 0.000059 0.010957 0.000143 0.000028 0.007365
0.013241 0.000182 0.004850 0.474057 0.055985 0.380934 0.000084 0.000002 0.000092 0.001270 0.000045 0.000254 0.000047 0.000019 0.000113 0.001447 0.000018 0.001383 0.029356 0.000257 0.036156 0.000148 0.000002 0.000060
0.930721 0.003922 0.044238 0.001858 0.000045 0.000121 0.000126 0.000006 0.000031 0.002695 0.000003 0.000030 0.000079 0.000001 0.000008 0.000061 0.000000 0.000012 0.002645 0.000438 0.012948 0.000011 0.000000 0.000000
0.023167 0.006920 0.023742 0.001058 0.001325 0.032053 0.000302 0.000016 0.003937 0.001290 0.001098 0.013638 0.040781 0.033367 0.764156 0.001254 0.001195 0.004209 0.001591 0.000562 0.033742 0.000439 0.000192 0.009967
0.598544 0.031966 0.020187 0.000684 0.001286 0.000108 0.000044 0.000018 0.000484 0.000044 0.000017 0.000018 0.105425 0.037025 0.159641 0.022663 0.001490 0.012062 0.003920 0.000377 0.001542 0.000129 0.002279 0.000049
0.000119 0.000937 0.000951 0.000097 0.001401 0.000365 0.000001 0.000000 0.000004 0.000002 0.000009 0.000018 0.000000 0.000016 0.000011 0.152168 0.002775 0.841024 0.000007 0.000001 0.000009 0.000003 0.000008 0.000073
0.000136 0.000012 0.058959 0.000003 0.000014 0.000160 0.048563 0.001065 0.005560 0.025437 0.001466 0.855643 0.000154 0.000088 0.000230 0.000009 0.000000 0.000041 0.000029 0.000018 0.002149 0.000127 0.000001 0.000136
0.005473 0.004658 0.007088 0.018892 0.004798 0.020192 0.000113 0.000019 0.000355 0.000443 0.000455 0.001958 0.296554 0.203501 0.100501 0.117980 0.146116 0.032920 0.019682 0.000403 0.012511 0.000500 0.003093 0.001793
0.073664 0.066790 0.832610 0.002647 0.000670 0.015966 0.000063 0.000000 0.000010 0.000165 0.000365 0.002414 0.000179 0.000009 0.001239 0.000198 0.000094 0.001422 0.000399 0.000090 0.000975 0.000002 0.000005 0.000025
0.117737 0.004793 0.871359 0.000074 0.000014 0.000431 0.000076 0.000000 0.000011 0.000010 0.000011 0.000369 0.000270 0.000049 0.004043 0.000053 0.000002 0.000511 0.000050 0.000010 0.000124 0.000000 0.000001 0.000001
0.000240 0.000076 0.001863 0.004970 0.002301 0.265383 0.000015 0.000017 0.000572 0.032368 0.334506 0.297808 0.000039 0.000379 0.006553 0.001447 0.000484 0.021224 0.001349 0.000110 0.012955 0.002140 0.000068 0.013132
0.120646 0.001507 0.763744 0.001252 0.000321 0.013136 0.001045 0.000023 0.000066 0.018152 0.000496 0.010815 0.000619 0.000111 0.019208 0.000013 0.000000 0.000059 0.002373 0.000144 0.046229 0.000031 0.000005 0.000004
0.060335 0.013711 0.007166 0.075328 0.028171 0.004304 0.000006 0.000000 0.000036 0.000223 0.000018 0.000076 0.000192 0.000434 0.000188 0.602370 0.031895 0.171993 0.002428 0.000052 0.000829 0.000022 0.000067 0.000157
0.013507 0.000788 0.002603 0.102170 0.019347 0.010567 0.000503 0.000480 0.006283 0.011660 0.022776 0.001019 0.069283 0.002847 0.058686 0.072997 0.014361 0.046255 0.111059 0.001723 0.263907 0.052060 0.001055 0.114066
0.521540 0.021170 0.443264 0.001620 0.000205 0.000239 0.000006 0.000000 0.000008 0.000188 0.000012 0.000214 0.000144 0.000077 0.000075 0.008293 0.000114 0.002418 0.000141 0.000027 0.000240 0.000001 0.000003 0.000002
0.015744 0.005764 0.412400 0.057631 0.031575 0.097787 0.000525 0.000066 0.000729 0.013233 0.006845 0.003230 0.000026 0.000013 0.000945 0.086844 0.001185 0.239980 0.005087 0.000419 0.016222 0.001022 0.000109 0.002619
0.032651 0.005515 0.947735 0.000269 0.000267 0.004157 0.000109 0.000000 0.000019 0.000375 0.000155 0.006634 0.000031 0.000006 0.000738 0.000041 0.000002 0.000432 0.000071 0.000039 0.000743 0.000002 0.000000 0.000009
0.035933 0.000180 0.014875 0.001575 0.000056 0.000273 0.049276 0.046319 0.164921 0.003725 0.008616 0.003680 0.077545 0.033808 0.079049 0.000701 0.000256 0.002589 0.093045 0.199497 0.142514 0.003169 0.000302 0.038096
0.041729 0.019410 0.071960 0.001630 0.000760 0.006226 0.000012 0.000003 0.001286 0.000013 0.000103 0.000723 0.000907 0.001086 0.001791 0.014791 0.030462 0.797794 0.000259 0.000137 0.007973 0.000018 0.000308 0.000621
0.000169 0.000013 0.012183 0.000027 0.000014 0.004547 0.000359 0.000011 0.001331 0.001689 0.000348 0.974883 0.000007 0.000001 0.000896 0.000002 0.000000 0.000107 0.000002 0.000004 0.003271 0.000012 0.000000 0.000123
0.321663 0.020528 0.220564 0.074437 0.004577 0.115221 0.000058 0.000001 0.003260 0.007363 0.000599 0.030844 0.002800 0.000555 0.010286 0.013545 0.002126 0.035576 0.012464 0.000570 0.120838 0.000149 0.000017 0.001959
0.841250 0.069546 0.048062 0.000775 0.000088 0.000042 0.000001 0.000000 0.000025 0.000006 0.000001 0.000012 0.000943 0.000105 0.001346 0.027493 0.001330 0.008367 0.000286 0.000013 0.000276 0.000000 0.000017 0.000015
0.076086 0.090790 0.028795 0.000056 0.000114 0.000022 0.000050 0.000085 0.001609 0.000059 0.000081 0.000019 0.281221 0.054179 0.375913 0.000816 0.078102 0.001034 0.002328 0.001452 0.004694 0.000240 0.002126 0.000128
0.077486 0.013956 0.140792 0.022614 0.039754 0.224715 0.000088 0.000002 0.001337 0.000574 0.000663 0.003913 0.000054 0.001430 0.003915 0.021579 0.037071 0.315218 0.020627 0.001192 0.071965 0.000523 0.000065 0.000467
0.000173 0.000086 0.002431 0.018003 0.007460 0.935824 0.000006 0.000000 0.000019 0.005948 0.001398 0.023528 0.000000 0.000002 0.000191 0.000174 0.000019 0.002260 0.000169 0.000009 0.001701 0.000478 0.000001 0.000118
0.000039 0.000123 0.000336 0.000007 0.000025 0.000020 0.028066 0.001495 0.964219 0.000208 0.000333 0.000107 0.000164 0.000012 0.000386 0.000003 0.000003 0.000038 0.000076 0.000561 0.000096 0.003386 0.000055 0.000241
0.000060 0.001101 0.000378 0.000108 0.000432 0.003188 0.000022 0.000001 0.000327 0.000040 0.000456 0.000335 0.018053 0.001052 0.959175 0.000898 0.001396 0.000794 0.000255 0.000191 0.000758 0.000080 0.003510 0.007391
0.000499 0.000292 0.000155 0.000106 0.000682 0.000090 0.000133 0.000109 0.000384 0.000023 0.000416 0.000012 0.159050 0.075265 0.721331 0.001835 0.001702 0.000366 0.006389 0.003790 0.001690 0.000646 0.024125 0.000910
0.000217 0.000033 0.001845 0.000377 0.000778 0.002963 0.380086 0.023200 0.454604 0.000364 0.000696 0.001528 0.019344 0.000318 0.063557 0.000103 0.000022 0.000501 0.002740 0.000043 0.008140 0.007082 0.012671 0.018787
0.019165 0.026576 0.649573 0.018969 0.009647 0.025578 0.070971 0.000657 0.024670 0.006083 0.004810 0.013418 0.006905 0.000018 0.015722 0.001055 0.000770 0.004636 0.004533 0.000715 0.064707 0.001084 0.001947 0.027790
0.000669 0.000058 0.011909 0.047613 0.004790 0.712084 0.000145 0.000003 0.000206 0.057289 0.000851 0.159732 0.000001 0.000001 0.000188 0.000221 0.000005 0.001843 0.000027 0.000003 0.001720 0.000192 0.000006 0.000445
0.194539 0.053784 0.713020 0.000304 0.002223 0.000214 0.000276 0.000105 0.003480 0.000320 0.000056 0.000179 0.012385 0.000490 0.012748 0.002401 0.000871 0.000880 0.000359 0.000396 0.000763 0.000026 0.000125 0.000059
0.000597 0.001647 0.000127 0.001016 0.002437 0.000023 0.000002 0.000002 0.000047 0.000018 0.000012 0.000003 0.001148 0.000731 0.000632 0.638137 0.290192 0.060363 0.001737 0.000376 0.000189 0.000051 0.000182 0.000332
0.857761 0.023365 0.066926 0.000909 0.000044 0.000025 0.000017 0.000005 0.000085 0.000029 0.000014 0.000016 0.027492 0.001222 0.003962 0.012623 0.000403 0.003045 0.001766 0.000076 0.000183 0.000003 0.000020 0.000007
0.485667 0.028163 0.129265 0.028800 0.002688 0.002985 0.000331 0.000003 0.003582 0.000363 0.000240 0.000474 0.073210 0.008566 0.032547 0.011784 0.001214 0.015446 0.163025 0.002578 0.008782 0.000053 0.000021 0.000213
0.000013 0.000006 0.000244 0.000001 0.000002 0.000158 0.006234 0.000037 0.990072 0.000000 0.000020 0.000020 0.000026 0.000002 0.002761 0.000000 0.000000 0.000181 0.000028 0.000002 0.000046 0.000003 0.000001 0.000142
0.010637 0.002784 0.066956 0.077248 0.002666 0.830892 0.000209 0.000002 0.001173 0.001245 0.000611 0.000517 0.000012 0.000002 0.000189 0.000037 0.000038 0.001501 0.000658 0.000043 0.002528 0.000016 0.000003 0.000032
0.029942 0.002777 0.009174 0.088560 0.014682 0.076682 0.000004 0.000020 0.001697 0.013368 0.003073 0.027548 0.001274 0.000612 0.015958 0.050997 0.005939 0.387365 0.008424 0.003821 0.178984 0.011083 0.000173 0.067845
0.047509 0.004453 0.723470 0.001847 0.000351 0.007617 0.000053 0.000000 0.000370 0.000726 0.000080 0.015990 0.000699 0.001843 0.125515 0.013878 0.000417 0.041328 0.001799 0.000229 0.011592 0.000007 0.000005 0.000222
0.021696 0.003672 0.954860 0.001159 0.000488 0.014063 0.000076 0.000000 0.000016 0.001129 0.000061 0.001088 0.000001 0.000000 0.000265 0.000024 0.000001 0.000246 0.000094 0.000019 0.001034 0.000002 0.000000 0.000001
0.053361 0.009031 0.906170 0.000763 0.000309 0.002588 0.000035 0.000000 0.000077 0.000188 0.000049 0.004073 0.000067 0.000110 0.006045 0.001923 0.000124 0.012941 0.000149 0.000025 0.001949 0.000002 0.000003 0.000016
0.257318 0.015461 0.378339 0.001881 0.000413 0.000074 0.009443 0.000939 0.014967 0.002261 0.000688 0.000050 0.045560 0.000749 0.016103 0.001219 0.000799 0.000699 0.129799 0.068286 0.054330 0.000517 0.000028 0.000079
0.000201 0.000012 0.003193 0.020204 0.001431 0.242945 0.000061 0.000003 0.000130 0.278468 0.019084 0.368668 0.000002 0.000008 0.000952 0.000104 0.000003 0.002515 0.000522 0.000038 0.059496 0.001323 0.000002 0.000637
0.006866 0.000637 0.930732 0.000173 0.000124 0.004384 0.001913 0.000012 0.003967 0.016850 0.001721 0.021281 0.000162 0.000012 0.006278 0.000045 0.000001 0.000810 0.000079 0.000031 0.003796 0.000068 0.000000 0.000056
0.001013 0.000012 0.006010 0.000015 0.000008 0.000149 0.401495 0.000655 0.583835 0.001444 0.000176 0.001733 0.000023 0.000003 0.001988 0.000000 0.000000 0.000059 0.000067 0.000040 0.001035 0.000139 0.000000 0.000102
0.004330 0.000934 0.019480 0.000689 0.000255 0.002189 0.000113 0.000058 0.009996 0.018519 0.000432 0.006293 0.023513 0.009140 0.622499 0.021247 0.001330 0.025259 0.028582 0.009082 0.190788 0.000541 0.000102 0.004629
0.043312 0.004331 0.018783 0.404787 0.021388 0.437468 0.000006 0.000000 0.000195 0.002918 0.000269 0.003540 0.000058 0.000106 0.000251 0.020952 0.000850 0.018687 0.009937 0.000338 0.011362 0.000091 0.000004 0.000368
0.373141 0.071770 0.502731 0.000197 0.000258 0.000158 0.000008 0.000001 0.000362 0.000071 0.000043 0.000609 0.000339 0.000231 0.001955 0.018579 0.000227 0.028797 0.000088 0.000038 0.000348 0.000001 0.000003 0.000046
0.128633 0.054309 0.797992 0.002885 0.000782 0.006429 0.000029 0.000000 0.000092 0.000903 0.001022 0.004072 0.000316 0.000028 0.000359 0.000238 0.000040 0.001140 0.000158 0.000087 0.000472 0.000002 0.000000 0.000011
0.097358 0.004606 0.888762 0.000724 0.000065 0.000589 0.000097 0.000004 0.000118 0.001049 0.000020 0.000165 0.000047 0.000003 0.000099 0.000337 0.000003 0.000889 0.001669 0.000086 0.003295 0.000012 0.000000 0.000004
0.000060 0.000006 0.011078 0.000065 0.000013 0.005972 0.000058 0.000001 0.000357 0.017103 0.000430 0.960406 0.000001 0.000001 0.000405 0.000003 0.000000 0.000669 0.000006 0.000007 0.003206 0.000048 0.000000 0.000105
0.000015 0.000001 0.000540 0.000004 0.000003 0.000529 0.018579 0.000147 0.971835 0.000205 0.000819 0.005773 0.000003 0.000022 0.000688 0.000000 0.000000 0.000140 0.000004 0.000080 0.000465 0.000057 0.000000 0.000090
0.250235 0.050340 0.572784 0.002827 0.001141 0.010890 0.000066 0.000002 0.002960 0.000910 0.000179 0.041021 0.001236 0.000198 0.007766 0.001285 0.000504 0.037439 0.000403 0.000244 0.016903 0.000048 0.000014 0.000606
0.000110 0.000076 0.005082 0.005827 0.002661 0.980545 0.000006 0.000000 0.000010 0.000497 0.000211 0.002128 0.000000 0.000000 0.000009 0.000079 0.000003 0.002088 0.000020 0.000001 0.000558 0.000009 0.000000 0.000079
0.119481 0.021459 0.275728 0.056648 0.012146 0.264152 0.000122 0.000004 0.001985 0.005037 0.000660 0.023498 0.001323 0.000753 0.019009 0.006036 0.001611 0.047207 0.022567 0.003214 0.107501 0.000278 0.000008 0.009575
0.733186 0.156277 0.108332 0.000845 0.000470 0.000385 0.000002 0.000000 0.000003 0.000097 0.000008 0.000043 0.000008 0.000001 0.000016 0.000134 0.000007 0.000097 0.000014 0.000006 0.000067 0.000001 0.000000 0.000000
0.649580 0.124318 0.171488 0.013501 0.001702 0.004440 0.000009 0.000000 0.000389 0.000483 0.000037 0.002219 0.000585 0.000158 0.001741 0.007017 0.001131 0.012954 0.001223 0.000297 0.006552 0.000016 0.000006 0.000153
0.362825 0.031640 0.418100 0.043850 0.005786 0.098012 0.000110 0.000007 0.000272 0.003984 0.000127 0.002696 0.000023 0.000010 0.000213 0.001951 0.000095 0.004752 0.002957 0.000634 0.021711 0.000171 0.000003 0.000071
0.032842 0.012014 0.329848 0.015409 0.008107 0.241819 0.000307 0.000004 0.002169 0.010679 0.001427 0.096754 0.000577 0.002111 0.067690 0.004957 0.002283 0.041079 0.022097 0.003250 0.090804 0.000518 0.000010 0.013244
0.000019 0.000005 0.000272 0.000003 0.000003 0.000236 0.068323 0.000478 0.928157 0.000097 0.000178 0.000851 0.000002 0.000002 0.000759 0.000000 0.000000 0.000027 0.000008 0.000135 0.000236 0.000091 0.000000 0.000117
0.157940 0.221949 0.501258 0.000397 0.000112 0.001087 0.000098 0.000041 0.003174 0.000062 0.000081 0.000994 0.024722 0.001373 0.056327 0.013458 0.002171 0.012831 0.000223 0.000267 0.000168 0.000002 0.000531 0.000729
0.001883 0.000103 0.000651 0.000017 0.000011 0.000007 0.002401 0.001964 0.989599 0.000002 0.000002 0.000007 0.002025 0.000011 0.000694 0.000057 0.000027 0.000119 0.000109 0.000075 0.000086 0.000012 0.000042 0.000098
0.000503 0.000018 0.026906 0.001395 0.000922 0.128231 0.000118 0.000010 0.001631 0.012269 0.000783 0.726947 0.000005 0.000001 0.000838 0.000216 0.000004 0.013203 0.000120 0.000013 0.083423 0.000190 0.000005 0.002247
0.002520 0.000095 0.029680 0.004323 0.001713 0.120510 0.002238 0.000434 0.051677 0.049744 0.039990 0.683381 0.000020 0.000003 0.004449 0.000105 0.000002 0.003212 0.000006 0.000015 0.003406 0.000158 0.000007 0.002312
0.015437 0.005767 0.968023 0.000044 0.000131 0.001632 0.000017 0.000001 0.000136 0.000020 0.000032 0.000993 0.000005 0.000001 0.000210 0.000129 0.000015 0.007372 0.000001 0.000000 0.000023 0.000000 0.000002 0.000010
0.001906 0.000206 0.073186 0.022257 0.012822 0.881319 0.000021 0.000000 0.000088 0.000325 0.000391 0.003663 0.000005 0.000001 0.000087 0.000165 0.000004 0.003266 0.000013 0.000001 0.000251 0.000002 0.000000 0.000021
0.000189 0.000001 0.000074 0.000080 0.000013 0.000184 0.000718 0.000793 0.994033 0.000006 0.000077 0.000189 0.000122 0.000008 0.000187 0.000008 0.000003 0.000593 0.000046 0.000135 0.002175 0.000069 0.000002 0.000295
0.000226 0.000002 0.000020 0.000065 0.000018 0.000045 0.001138 0.000477 0.997019 0.000003 0.000028 0.000038 0.000061 0.000008 0.000026 0.000003 0.000001 0.000100 0.000056 0.000105 0.000468 0.000030 0.000002 0.000060
0.001159 0.000269 0.110240 0.016298 0.001461 0.857082 0.000040 0.000000 0.000061 0.002650 0.000393 0.006506 0.000001 0.000000 0.000237 0.000133 0.000001 0.001416 0.000048 0.000001 0.001935 0.000006 0.000001 0.000061
0.000117 0.000002 0.000079 0.000127 0.000005 0.000227 0.004248 0.001591 0.992389 0.000006 0.000040 0.000069 0.000009 0.000000 0.000045 0.000001 0.000000 0.000046 0.000074 0.000094 0.000665 0.000103 0.000001 0.000061
0.001563 0.000245 0.001746 0.000114 0.000099 0.000384 0.000011 0.000007 0.000613 0.000004 0.000015 0.000082 0.027660 0.004552 0.913512 0.029080 0.000677 0.013411 0.001590 0.000181 0.003540 0.000038 0.000311 0.000563
0.000008 0.000001 0.000072 0.000001 0.000001 0.000084 0.003902 0.000115 0.989329 0.000000 0.000011 0.000017 0.000260 0.000017 0.005849 0.000001 0.000001 0.000078 0.000007 0.000000 0.000125 0.000007 0.000007 0.000104
0.000285 0.000046 0.006885 0.027126 0.006870 0.939988 0.000038 0.000000 0.000047 0.000967 0.001283 0.007054 0.000001 0.000000 0.000068 0.000696 0.000008 0.007032 0.000039 0.000001 0.000709 0.000016 0.000001 0.000839
0.049826 0.000539 0.042110 0.032545 0.037781 0.080310 0.000364 0.000017 0.000281 0.010476 0.000235 0.010130 0.001080 0.000643 0.002608 0.004438 0.000270 0.004922 0.093589 0.004789 0.621606 0.000249 0.000007 0.001184
0.006468 0.001592 0.000099 0.011363 0.013757 0.000616 0.000028 0.000384 0.000295 0.016516 0.003189 0.001148 0.020050 0.008485 0.011518 0.570997 0.024089 0.047632 0.049392 0.003298 0.110889 0.011994 0.000441 0.085760
0.951881 0.003988 0.042890 0.000400 0.000128 0.000025 0.000021 0.000000 0.000003 0.000022 0.000001 0.000017 0.000081 0.000006 0.000069 0.000145 0.000001 0.000027 0.000193 0.000011 0.000092 0.000000 0.000000 0.000000
0.002798 0.000095 0.012911 0.118927 0.018905 0.108808 0.009009 0.000103 0.001173 0.504215 0.024411 0.038822 0.000096 0.000022 0.001726 0.002138 0.000011 0.002140 0.059898 0.001076 0.086073 0.003060 0.000007 0.003579
0.000399 0.000169 0.013686 0.039433 0.016371 0.915964 0.000017 0.000000 0.000007 0.000271 0.000709 0.002235 0.000001 0.000001 0.000081 0.000676 0.000015 0.009228 0.000152 0.000003 0.000500 0.000011 0.000000 0.000068
0.188906 0.017530 0.727247 0.003870 0.009209 0.002864 0.002536 0.000006 0.001127 0.003244 0.002539 0.011137 0.004388 0.000182 0.017864 0.004422 0.000019 0.002163 0.000264 0.000059 0.000149 0.000025 0.000005 0.000248
0.000393 0.000010 0.000171 0.000033 0.000008 0.000007 0.006921 0.000048 0.991843 0.000001 0.000004 0.000006 0.000198 0.000003 0.000301 0.000001 0.000000 0.000010 0.000012 0.000006 0.000004 0.000005 0.000001 0.000013
0.115083 0.001855 0.110322 0.134924 0.003873 0.101409 0.000277 0.000010 0.013909 0.012371 0.000169 0.010264 0.001299 0.000065 0.002361 0.013651 0.000294 0.017664 0.105893 0.001141 0.349607 0.001082 0.000013 0.002463
0.267793 0.013344 0.258117 0.190874 0.006883 0.076893 0.000062 0.000005 0.001584 0.007399 0.000297 0.006854 0.002832 0.000106 0.009566 0.008219 0.000425 0.013320 0.063277 0.002518 0.063495 0.000182 0.000006 0.005949
0.001237 0.005324 0.000778 0.000007 0.000050 0.000002 0.000007 0.000019 0.001243 0.000015 0.000008 0.000004 0.031004 0.014933 0.428444 0.018117 0.445759 0.030333 0.003039 0.012433 0.004096 0.000172 0.000890 0.002086
0.000047 0.000006 0.000139 0.000008 0.000014 0.000100 0.000011 0.000002 0.000098 0.000050 0.000075 0.000205 0.000668 0.000079 0.994290 0.000066 0.000006 0.000423 0.000056 0.000002 0.000284 0.000019 0.000018 0.003337
0.146943 0.002843 0.592584 0.020127 0.001261 0.008740 0.000747 0.000028 0.000854 0.007008 0.000068 0.000356 0.002003 0.000161 0.007844 0.003005 0.000102 0.000860 0.092804 0.000725 0.110587 0.000236 0.000031 0.000084
0.080811 0.025044 0.114638 0.033569 0.010018 0.051449 0.000038 0.000004 0.003765 0.002943 0.000856 0.036977 0.025751 0.009014 0.156483 0.150313 0.027439 0.140782 0.032728 0.000324 0.089246 0.000858 0.000571 0.006378
0.004733 0.000433 0.004048 0.000615 0.000526 0.000303 0.001821 0.001414 0.344281 0.001366 0.000356 0.000248 0.032878 0.003337 0.087861 0.000499 0.000758 0.001371 0.136826 0.095739 0.273202 0.002479 0.000499 0.004406
0.000059 0.000009 0.003088 0.034266 0.001658 0.952281 0.000052 0.000001 0.000029 0.003165 0.000095 0.001517 0.000000 0.000000 0.000036 0.000158 0.000001 0.000560 0.000248 0.000001 0.002651 0.000031 0.000001 0.000091
0.268788 0.002581 0.490674 0.010874 0.000295 0.001760 0.003304 0.000167 0.000384 0.056902 0.000029 0.000409 0.000345 0.000004 0.000140 0.000664 0.000004 0.000081 0.055382 0.000741 0.106257 0.000194 0.000002 0.000019
0.001229 0.000034 0.000428 0.000033 0.000004 0.000057 0.006251 0.007872 0.980711 0.000087 0.000008 0.000007 0.000350 0.000007 0.000064 0.000002 0.000001 0.000007 0.001859 0.000147 0.000773 0.000035 0.000001 0.000034
0.019749 0.007828 0.109524 0.002226 0.000248 0.010032 0.648749 0.077801 0.095001 0.004354 0.000596 0.000868 0.001578 0.000001 0.000185 0.000084 0.000003 0.000144 0.011050 0.000050 0.007130 0.000364 0.000010 0.002424
0.099407 0.025611 0.631781 0.028842 0.003019 0.063946 0.000405 0.000005 0.001916 0.002270 0.000720 0.047128 0.003315 0.000608 0.011066 0.015309 0.002208 0.032658 0.008148 0.000344 0.019234 0.000050 0.000026 0.001984
0.007488 0.011559 0.933170 0.000675 0.002191 0.029816 0.000018 0.000000 0.000025 0.000070 0.000091 0.001971 0.000003 0.000003 0.000602 0.000276 0.000028 0.011723 0.000012 0.000002 0.000237 0.000001 0.000001 0.000040
0.005572 0.001249 0.000312 0.843773 0.068226 0.067371 0.000001 0.000000 0.000024 0.000249 0.000042 0.000028 0.000057 0.000028 0.000017 0.006697 0.000720 0.002293 0.002813 0.000027 0.000310 0.000046 0.000004 0.000141
0.000008 0.000002 0.000091 0.000007 0.000029 0.001208 0.012637 0.004719 0.965970 0.000094 0.003368 0.001522 0.000009 0.000005 0.002102 0.000001 0.000001 0.000754 0.000005 0.000065 0.000346 0.000496 0.000005 0.006557
0.045825 0.020787 0.365859 0.023512 0.005505 0.285648 0.000106 0.000003 0.000935 0.007892 0.002404 0.038674 0.000700 0.000132 0.006029 0.020537 0.001904 0.158342 0.000593 0.000156 0.006066 0.000046 0.000043 0.008303
0.302020 0.038811 0.195864 0.047114 0.011281 0.082887 0.000071 0.000044 0.004177 0.005023 0.000874 0.010000 0.005108 0.001023 0.027300 0.008894 0.004478 0.107146 0.025027 0.011451 0.079607 0.000447 0.000043 0.031309
0.044966 0.205953 0.742158 0.000100 0.000450 0.004021 0.000005 0.000000 0.000002 0.000044 0.000024 0.000131 0.000001 0.000001 0.000049 0.000098 0.000015 0.001952 0.000001 0.000000 0.000025 0.000000 0.000001 0.000001
0.001158 0.000337 0.002219 0.000490 0.000265 0.000717 0.000015 0.001495 0.017762 0.011220 0.005372 0.012305 0.001323 0.020842 0.021311 0.014789 0.062184 0.130284 0.008577 0.267024 0.234680 0.025527 0.000580 0.159522
0.000039 0.000000 0.000008 0.000029 0.000002 0.000010 0.000210 0.000346 0.990285 0.000004 0.000032 0.000027 0.000150 0.000057 0.000170 0.000002 0.000006 0.000077 0.000301 0.000329 0.006148 0.001229 0.000033 0.000506
0.471394 0.021722 0.142247 0.003721 0.000130 0.000093 0.001665 0.000335 0.004071 0.000125 0.000016 0.000026 0.347301 0.000118 0.000708 0.000167 0.000090 0.000024 0.003740 0.000587 0.001591 0.000019 0.000101 0.000010
0.000841 0.000038 0.003839 0.000007 0.000003 0.000055 0.034143 0.002103 0.942555 0.000023 0.000169 0.000416 0.003917 0.000067 0.010968 0.000001 0.000002 0.000046 0.000014 0.000100 0.000101 0.000016 0.000056 0.000521
0.023035 0.007740 0.198867 0.005297 0.001179 0.002079 0.001746 0.000235 0.011155 0.000593 0.000075 0.000414 0.045701 0.000146 0.001602 0.007141 0.009080 0.010671 0.339134 0.032319 0.294588 0.000370 0.000130 0.006703
0.014801 0.000136 0.006854 0.004833 0.000613 0.002936 0.000213 0.001347 0.000176 0.000376 0.000237 0.000110 0.002196 0.000018 0.003228 0.000137 0.000013 0.000608 0.157919 0.001346 0.801299 0.000378 0.000071 0.000155
0.000840 0.000110 0.001470 0.000204 0.000035 0.000123 0.000182 0.001327 0.002222 0.011583 0.012498 0.014037 0.151728 0.005396 0.514923 0.004242 0.000831 0.003458 0.008965 0.002241 0.175705 0.001967 0.002015 0.083898
0.014665 0.054029 0.156463 0.106039 0.111715 0.147261 0.000677 0.000001 0.000039 0.000044 0.000485 0.000426 0.000061 0.000034 0.000256 0.032064 0.007474 0.367371 0.000303 0.000005 0.000284 0.000017 0.000155 0.000134
