0.002612 0.020833 0.000721 0.001741 0.006627 0.000640 0.000015 0.000015 0.000274 0.000011 0.000079 0.000027 0.000278 0.000209 0.000141 0.444001 0.406967 0.108666 0.000210 0.000229 0.000198 0.000247 0.001623 0.003636
0.000929 0.001258 0.001821 0.001966 0.005139 0.002974 0.000044 0.000014 0.001468 0.000100 0.002444 0.003287 0.008645 0.017588 0.029656 0.082699 0.458356 0.340838 0.000571 0.001267 0.010788 0.001956 0.007009 0.019183
0.000088 0.000002 0.000006 0.000476 0.000055 0.000079 0.000133 0.000048 0.993423 0.000001 0.000022 0.000008 0.001479 0.000114 0.000412 0.000073 0.000191 0.000412 0.000074 0.000022 0.000719 0.000275 0.000951 0.000937
0.007254 0.000019 0.014624 0.041312 0.001026 0.018371 0.119686 0.000317 0.023250 0.007353 0.000127 0.004522 0.008435 0.000252 0.014091 0.012476 0.000164 0.002481 0.055510 0.000735 0.656571 0.007587 0.001089 0.002748
0.000861 0.000010 0.000562 0.001991 0.000101 0.000624 0.000028 0.000027 0.000205 0.000242 0.000024 0.000524 0.001191 0.000262 0.002953 0.003990 0.000388 0.001452 0.037569 0.016381 0.928802 0.001223 0.000127 0.000462
0.000058 0.000001 0.000100 0.000204 0.000014 0.003812 0.006093 0.000979 0.968539 0.000025 0.000418 0.000432 0.000247 0.000122 0.002694 0.000006 0.000006 0.000344 0.000525 0.000316 0.013205 0.000916 0.000213 0.000730
0.144426 0.012176 0.295526 0.132555 0.009178 0.141751 0.000705 0.000010 0.010333 0.015809 0.004195 0.048784 0.005621 0.000153 0.011517 0.009586 0.005681 0.024520 0.004838 0.000542 0.113726 0.000788 0.000431 0.007151
0.001149 0.003723 0.002839 0.001425 0.002990 0.003802 0.000001 0.000002 0.000069 0.000037 0.000090 0.000190 0.000292 0.000626 0.000851 0.250803 0.094104 0.632548 0.000046 0.000009 0.000223 0.000029 0.001924 0.002229
0.008695 0.003451 0.648663 0.002726 0.012782 0.285610 0.000015 0.000003 0.000163 0.000562 0.001969 0.025346 0.000036 0.000008 0.000676 0.000187 0.000041 0.005571 0.000037 0.000025 0.003215 0.000073 0.000009 0.000140
0.801209 0.009990 0.182899 0.004113 0.000313 0.000433 0.000007 0.000001 0.000028 0.000066 0.000008 0.000078 0.000107 0.000001 0.000022 0.000154 0.000010 0.000119 0.000101 0.000024 0.000310 0.000003 0.000000 0.000001
0.001348 0.000531 0.122885 0.010780 0.009723 0.736249 0.000028 0.000001 0.000539 0.001287 0.001576 0.053221 0.000025 0.000070 0.005245 0.000980 0.000414 0.053040 0.000047 0.000003 0.000870 0.000055 0.000015 0.001068
0.072747 0.002040 0.161256 0.228690 0.007579 0.368820 0.000047 0.000002 0.000729 0.005543 0.000458 0.009528 0.001039 0.000493 0.002485 0.014741 0.001585 0.021774 0.034444 0.001662 0.061822 0.000644 0.000007 0.001864
0.021370 0.001317 0.023711 0.016641 0.002047 0.011273 0.000009 0.000004 0.001459 0.001392 0.000238 0.002764 0.001244 0.000972 0.010915 0.057903 0.011764 0.455364 0.056850 0.006582 0.299480 0.002871 0.000031 0.013799
0.029268 0.001484 0.026796 0.811492 0.003936 0.096943 0.000026 0.000000 0.000080 0.001592 0.000132 0.000542 0.000065 0.000018 0.000161 0.002549 0.000316 0.005549 0.013186 0.000171 0.005609 0.000043 0.000001 0.000041
0.001666 0.000786 0.007982 0.002113 0.004739 0.010634 0.000003 0.000000 0.000061 0.000027 0.000220 0.000219 0.000023 0.000027 0.004269 0.051109 0.003340 0.910740 0.000094 0.000003 0.000708 0.000062 0.000034 0.001140
0.009066 0.001097 0.009147 0.026915 0.005592 0.032907 0.000001 0.000000 0.000212 0.000244 0.000353 0.004050 0.000183 0.000808 0.000854 0.198453 0.025898 0.659847 0.003221 0.000279 0.018722 0.000413 0.000020 0.001718
0.000132 0.000004 0.000182 0.000445 0.000012 0.000140 0.000006 0.000008 0.001051 0.000157 0.000031 0.000071 0.000164 0.000058 0.001940 0.000074 0.000117 0.000472 0.026549 0.008685 0.956533 0.002413 0.000012 0.000744
0.042677 0.000731 0.004967 0.896870 0.001886 0.046564 0.000004 0.000000 0.000024 0.000236 0.000014 0.000032 0.000006 0.000002 0.000014 0.000746 0.000254 0.000803 0.001265 0.000112 0.002765 0.000022 0.000002 0.000004
0.276487 0.004697 0.345451 0.012396 0.000619 0.003389 0.000213 0.000015 0.000394 0.001988 0.000062 0.000630 0.002155 0.000165 0.001420 0.001143 0.000409 0.001718 0.067685 0.004933 0.273701 0.000158 0.000004 0.000169
0.624488 0.178716 0.020240 0.127356 0.011728 0.002093 0.000017 0.000020 0.000103 0.000244 0.000058 0.000007 0.000911 0.000054 0.000058 0.023738 0.006856 0.002538 0.000571 0.000049 0.000076 0.000024 0.000030 0.000027
0.382337 0.049082 0.463212 0.062485 0.005910 0.032062 0.000085 0.000003 0.000113 0.000741 0.001073 0.000852 0.000447 0.000035 0.000301 0.000134 0.000088 0.000415 0.000296 0.000076 0.000236 0.000007 0.000005 0.000005
0.005888 0.000021 0.000278 0.000276 0.000002 0.000060 0.000410 0.000016 0.992597 0.000001 0.000002 0.000004 0.000220 0.000009 0.000043 0.000001 0.000001 0.000040 0.000039 0.000023 0.000064 0.000001 0.000001 0.000003
0.000935 0.000115 0.008346 0.000052 0.000012 0.000775 0.022166 0.000111 0.966437 0.000009 0.000063 0.000273 0.000097 0.000001 0.000355 0.000000 0.000000 0.000139 0.000015 0.000007 0.000066 0.000002 0.000001 0.000020
0.009987 0.000117 0.001237 0.004644 0.000052 0.000192 0.000074 0.000657 0.003120 0.008496 0.000731 0.000556 0.013479 0.002725 0.010523 0.004723 0.000776 0.004142 0.133713 0.225108 0.573051 0.000704 0.000032 0.001159
0.002783 0.000019 0.004845 0.000137 0.000002 0.000049 0.000467 0.000157 0.000840 0.069130 0.000100 0.002333 0.001489 0.000018 0.002135 0.000039 0.000003 0.000071 0.081446 0.001990 0.831190 0.000305 0.000001 0.000452
0.008686 0.003878 0.759525 0.000267 0.000036 0.002115 0.000056 0.000000 0.000654 0.000093 0.000037 0.005709 0.000191 0.000011 0.001276 0.007415 0.000173 0.203846 0.000433 0.000035 0.005119 0.000001 0.000005 0.000438
0.000620 0.000312 0.000429 0.000921 0.000728 0.000182 0.000042 0.000500 0.001701 0.001324 0.001918 0.000045 0.080673 0.007748 0.022008 0.005765 0.134763 0.003456 0.331333 0.228159 0.147524 0.005587 0.000175 0.024088
0.000353 0.000028 0.004660 0.041054 0.003420 0.943480 0.000014 0.000000 0.000009 0.000220 0.000723 0.001706 0.000011 0.000019 0.000232 0.000362 0.000100 0.002765 0.000472 0.000006 0.000312 0.000007 0.000002 0.000046
0.094672 0.359451 0.522968 0.000604 0.000231 0.000174 0.000005 0.000000 0.000006 0.000027 0.000018 0.000027 0.000078 0.000020 0.000032 0.012095 0.001926 0.007570 0.000040 0.000003 0.000042 0.000001 0.000005 0.000004
0.002642 0.000228 0.003935 0.809074 0.017860 0.153593 0.000007 0.000000 0.000010 0.000830 0.000121 0.000217 0.000012 0.000003 0.000010 0.001784 0.000076 0.001248 0.005821 0.000058 0.002389 0.000064 0.000001 0.000017
0.001995 0.005130 0.009079 0.000598 0.004284 0.000063 0.000055 0.000005 0.000198 0.000016 0.000019 0.000011 0.006353 0.001462 0.006882 0.659021 0.082706 0.174674 0.033329 0.004353 0.004987 0.000418 0.000173 0.004190
0.002968 0.000312 0.013813 0.003532 0.000948 0.008228 0.000054 0.000017 0.002088 0.026015 0.004066 0.108591 0.004684 0.001948 0.312291 0.009983 0.000901 0.052666 0.060339 0.001967 0.234675 0.030842 0.000176 0.118898
0.797444 0.023904 0.081608 0.028356 0.005800 0.002032 0.000300 0.000003 0.000138 0.000142 0.000030 0.000223 0.043378 0.000334 0.010901 0.001244 0.000043 0.000194 0.003070 0.000053 0.000707 0.000023 0.000032 0.000042
0.229184 0.027291 0.450704 0.218017 0.006259 0.036626 0.000246 0.000000 0.000206 0.002915 0.000381 0.002568 0.000187 0.000036 0.001160 0.004207 0.000175 0.007255 0.007627 0.000346 0.004477 0.000047 0.000004 0.000084
0.002705 0.000982 0.168591 0.015295 0.001035 0.600511 0.000169 0.000000 0.000215 0.003943 0.001468 0.138678 0.000051 0.000057 0.045655 0.000098 0.000033 0.012880 0.000389 0.000008 0.006741 0.000086 0.000004 0.000403
0.535995 0.032819 0.417694 0.008169 0.002112 0.000809 0.000033 0.000000 0.000014 0.000571 0.000030 0.000148 0.000019 0.000002 0.000038 0.000971 0.000006 0.000285 0.000124 0.000009 0.000148 0.000004 0.000001 0.000000
0.014474 0.001386 0.042069 0.000598 0.000236 0.000618 0.000153 0.000028 0.000820 0.016768 0.000517 0.013941 0.009921 0.002788 0.006379 0.003304 0.000694 0.006114 0.328153 0.006625 0.531407 0.010317 0.000011 0.002677
0.005988 0.003295 0.277578 0.011504 0.020849 0.336818 0.000156 0.000000 0.000126 0.000190 0.000871 0.029961 0.000068 0.000239 0.004422 0.012932 0.000367 0.291752 0.000267 0.000010 0.002032 0.000035 0.000028 0.000512
0.022114 0.010246 0.844599 0.001452 0.002832 0.014782 0.000576 0.000001 0.000275 0.000459 0.000622 0.014966 0.009390 0.000287 0.072437 0.001073 0.000018 0.002342 0.000488 0.000030 0.000587 0.000008 0.000002 0.000413
0.128971 0.027875 0.132051 0.018165 0.009481 0.008623 0.000063 0.000002 0.002527 0.001001 0.000249 0.003882 0.033122 0.002336 0.049516 0.248435 0.013864 0.241496 0.027222 0.000411 0.023742 0.000324 0.000036 0.026606
0.000258 0.000022 0.000117 0.000007 0.000026 0.000005 0.000017 0.000046 0.001522 0.000174 0.000678 0.000453 0.134933 0.055914 0.794076 0.000592 0.000211 0.000529 0.000263 0.000348 0.001918 0.000342 0.000363 0.007187
0.000567 0.000034 0.008727 0.001075 0.000107 0.035875 0.000312 0.000006 0.001226 0.031462 0.000462 0.822261 0.000041 0.000047 0.008860 0.000150 0.000005 0.000548 0.000590 0.000009 0.086070 0.000934 0.000007 0.000626
0.037596 0.013952 0.674132 0.002305 0.000520 0.015872 0.000058 0.000000 0.001974 0.003460 0.000403 0.037616 0.001090 0.001097 0.035283 0.058376 0.004103 0.086407 0.002950 0.000103 0.021295 0.000114 0.000016 0.001277
0.140459 0.016555 0.272060 0.051025 0.005820 0.042322 0.000174 0.000003 0.003188 0.014481 0.001182 0.028924 0.005062 0.002068 0.029074 0.064685 0.002886 0.036561 0.134078 0.003508 0.130950 0.004315 0.000015 0.010603
0.000380 0.000021 0.069158 0.000025 0.000007 0.001165 0.006146 0.000028 0.000610 0.064750 0.000877 0.779806 0.000019 0.000016 0.001006 0.000019 0.000000 0.000128 0.000626 0.000061 0.074469 0.000377 0.000000 0.000305
0.009534 0.029545 0.946656 0.000022 0.000027 0.000572 0.000004 0.000000 0.000004 0.000003 0.000003 0.000536 0.000001 0.000001 0.000041 0.000522 0.000011 0.012499 0.000001 0.000000 0.000017 0.000000 0.000000 0.000001
0.001457 0.000765 0.991384 0.000088 0.000018 0.003494 0.000018 0.000000 0.000014 0.000156 0.000016 0.002137 0.000001 0.000000 0.000092 0.000015 0.000000 0.000291 0.000001 0.000000 0.000045 0.000000 0.000000 0.000004
0.193332 0.028881 0.670998 0.009984 0.000803 0.003012 0.000017 0.000000 0.000292 0.000161 0.000011 0.001246 0.000290 0.000123 0.000455 0.055631 0.001065 0.028230 0.001064 0.000022 0.004309 0.000016 0.000006 0.000053
0.000040 0.000021 0.006806 0.009543 0.001723 0.977622 0.000009 0.000000 0.000006 0.000275 0.000077 0.001187 0.000000 0.000000 0.000030 0.000121 0.000002 0.002031 0.000019 0.000000 0.000456 0.000006 0.000000 0.000026
0.000183 0.000005 0.000387 0.000147 0.000003 0.000021 0.009468 0.001754 0.983804 0.000078 0.000020 0.000037 0.000341 0.000007 0.000050 0.000011 0.000003 0.000017 0.000599 0.000975 0.001109 0.000906 0.000003 0.000072
0.001266 0.000151 0.010722 0.096743 0.000842 0.801524 0.000015 0.000001 0.000132 0.020127 0.002682 0.055676 0.000028 0.000028 0.000731 0.000593 0.000054 0.006399 0.000087 0.000025 0.001576 0.000236 0.000005 0.000358
0.000574 0.000048 0.001302 0.208101 0.003125 0.783599 0.000003 0.000000 0.000017 0.000856 0.000075 0.000197 0.000001 0.000000 0.000007 0.000128 0.000004 0.001205 0.000143 0.000003 0.000576 0.000022 0.000000 0.000012
0.091850 0.007929 0.026770 0.507222 0.059013 0.248950 0.000031 0.000008 0.000359 0.006536 0.000861 0.002082 0.000825 0.000112 0.000376 0.016714 0.000807 0.016208 0.005549 0.000796 0.005065 0.001000 0.000009 0.000930
0.036784 0.045780 0.156528 0.012888 0.014600 0.055306 0.000004 0.000001 0.000021 0.000134 0.000142 0.000532 0.000008 0.000092 0.000138 0.057670 0.004157 0.614942 0.000016 0.000012 0.000167 0.000018 0.000023 0.000038
0.000049 0.000009 0.000939 0.010780 0.000665 0.982088 0.000001 0.000000 0.000016 0.000177 0.000077 0.003130 0.000000 0.000000 0.000053 0.000007 0.000002 0.001283 0.000006 0.000001 0.000674 0.000017 0.000000 0.000025
0.299366 0.043218 0.510847 0.013309 0.001272 0.010280 0.000025 0.000001 0.001268 0.000444 0.000054 0.005642 0.004623 0.001635 0.009692 0.009649 0.002869 0.033609 0.005461 0.001220 0.045131 0.000058 0.000006 0.000320
0.252336 0.020120 0.007694 0.601444 0.026336 0.011604 0.000009 0.000000 0.000049 0.000117 0.000018 0.000038 0.000174 0.000259 0.000060 0.039613 0.005428 0.033827 0.000421 0.000052 0.000353 0.000029 0.000011 0.000007
0.002157 0.000868 0.001838 0.000728 0.000911 0.000348 0.000028 0.000038 0.003129 0.000127 0.000164 0.000073 0.071175 0.039734 0.289962 0.046968 0.104380 0.066328 0.092779 0.029476 0.218590 0.008534 0.000235 0.021429
0.012587 0.001340 0.606385 0.000508 0.000072 0.009604 0.001312 0.000003 0.000923 0.033577 0.000124 0.085959 0.000356 0.000811 0.065198 0.000168 0.000010 0.000949 0.002824 0.000539 0.176575 0.000139 0.000002 0.000035
0.018012 0.015841 0.963289 0.000013 0.000039 0.000482 0.000006 0.000000 0.000004 0.000023 0.000016 0.000895 0.000001 0.000001 0.000234 0.000025 0.000001 0.001086 0.000001 0.000001 0.000030 0.000000 0.000000 0.000001
0.116950 0.019441 0.683280 0.008380 0.000934 0.013803 0.000056 0.000001 0.000709 0.000816 0.000051 0.009876 0.007216 0.007667 0.046865 0.018944 0.001712 0.027384 0.013424 0.000569 0.021680 0.000029 0.000005 0.000208
0.121645 0.020368 0.845546 0.000231 0.000358 0.003395 0.002690 0.000013 0.000665 0.000466 0.000186 0.002157 0.000159 0.000003 0.000181 0.000103 0.000003 0.000492 0.000063 0.000011 0.001239 0.000018 0.000001 0.000006
0.007251 0.000962 0.006167 0.318365 0.113255 0.527631 0.000016 0.000000 0.000034 0.000480 0.000277 0.000921 0.000006 0.000025 0.000020 0.004791 0.000314 0.017963 0.000385 0.000021 0.001029 0.000077 0.000002 0.000010
0.000051 0.000002 0.000592 0.000380 0.000432 0.006429 0.012917 0.000775 0.002938 0.180577 0.013719 0.754682 0.000053 0.000089 0.000285 0.000014 0.000001 0.000345 0.000252 0.000117 0.012483 0.012237 0.000001 0.000629
0.175278 0.212625 0.598201 0.000920 0.000258 0.000654 0.000088 0.000002 0.000115 0.000091 0.000034 0.000519 0.000156 0.000025 0.000079 0.001102 0.000598 0.009085 0.000012 0.000003 0.000143 0.000005 0.000006 0.000003
0.010205 0.000776 0.004268 0.645457 0.022445 0.258271 0.000028 0.000001 0.000079 0.003295 0.000206 0.000689 0.000061 0.000024 0.000036 0.001587 0.000090 0.003614 0.026961 0.000611 0.020675 0.000574 0.000001 0.000046
0.035278 0.004845 0.124831 0.049412 0.002084 0.147025 0.000147 0.000001 0.001773 0.010795 0.004625 0.249735 0.010901 0.022972 0.104059 0.003307 0.005900 0.046056 0.010559 0.001285 0.162654 0.000936 0.000041 0.000779
0.014716 0.008754 0.082181 0.000908 0.001340 0.025716 0.000027 0.000001 0.003703 0.000483 0.001375 0.039517 0.004446 0.011008 0.052636 0.019680 0.015980 0.344703 0.005630 0.001098 0.360965 0.002542 0.000015 0.002575
0.110906 0.014724 0.089921 0.012245 0.003066 0.008420 0.000073 0.000006 0.005618 0.000967 0.000767 0.007211 0.012995 0.006004 0.040285 0.174788 0.008927 0.451574 0.006321 0.001184 0.039199 0.001335 0.000039 0.003423
0.007125 0.005390 0.961505 0.000390 0.000200 0.009992 0.000093 0.000000 0.000043 0.000801 0.000387 0.011136 0.000026 0.000009 0.000685 0.000019 0.000004 0.000538 0.000120 0.000141 0.001375 0.000008 0.000000 0.000016
0.334823 0.049249 0.554295 0.032011 0.006572 0.014392 0.000143 0.000001 0.000088 0.000696 0.000317 0.000983 0.000190 0.000022 0.000671 0.000989 0.000042 0.003793 0.000232 0.000034 0.000436 0.000013 0.000001 0.000008
0.000175 0.000476 0.011836 0.000393 0.000626 0.035028 0.000010 0.000002 0.000969 0.000149 0.001947 0.004784 0.000296 0.000280 0.339669 0.015048 0.001322 0.582882 0.000013 0.000001 0.000763 0.000165 0.000050 0.003114
0.270059 0.522637 0.043245 0.000061 0.000236 0.000004 0.000013 0.000014 0.000036 0.000083 0.000009 0.000005 0.007039 0.001384 0.000973 0.127837 0.010722 0.012687 0.001443 0.000992 0.000424 0.000053 0.000016 0.000027
0.017362 0.216556 0.075815 0.000574 0.000971 0.000329 0.000003 0.000002 0.000371 0.000100 0.000134 0.000316 0.003130 0.003000 0.013536 0.116310 0.124824 0.425026 0.000270 0.000320 0.000445 0.000023 0.000083 0.000500
0.419635 0.033510 0.373391 0.005391 0.000498 0.001281 0.000013 0.000001 0.000349 0.000367 0.000070 0.000888 0.000815 0.001067 0.001477 0.046470 0.003971 0.104064 0.001201 0.000453 0.005008 0.000022 0.000010 0.000050
0.000065 0.000019 0.004084 0.000005 0.000017 0.000949 0.000029 0.000004 0.000181 0.010982 0.001506 0.959961 0.000001 0.000006 0.000982 0.000013 0.000000 0.001320 0.000016 0.000032 0.019149 0.000297 0.000000 0.000381
0.080209 0.003416 0.011574 0.005401 0.002185 0.023669 0.000038 0.000001 0.000911 0.004950 0.000200 0.011815 0.064188 0.080786 0.600137 0.053236 0.003378 0.033507 0.002746 0.000171 0.014996 0.001164 0.000240 0.001082
0.821695 0.086644 0.074625 0.000171 0.000424 0.000049 0.000069 0.000005 0.000046 0.000118 0.000017 0.000058 0.001268 0.002071 0.002175 0.001427 0.000059 0.000710 0.000516 0.000338 0.007466 0.000030 0.000021 0.000000
0.003942 0.004714 0.162503 0.009323 0.006117 0.469513 0.000108 0.000000 0.000489 0.003170 0.005010 0.221672 0.000029 0.000192 0.006905 0.000307 0.000119 0.089345 0.000446 0.000161 0.015264 0.000194 0.000006 0.000470
0.500085 0.055558 0.276319 0.005760 0.006200 0.007365 0.000112 0.000001 0.000932 0.001092 0.000221 0.007480 0.004952 0.003594 0.006334 0.020512 0.001222 0.037153 0.016198 0.002829 0.045612 0.000155 0.000005 0.000309
0.002114 0.006014 0.000110 0.000109 0.000474 0.000030 0.000000 0.000000 0.000094 0.000014 0.000023 0.000014 0.000085 0.020325 0.000538 0.090702 0.399787 0.478680 0.000069 0.000295 0.000140 0.000046 0.000071 0.000267
0.611592 0.093455 0.150188 0.000209 0.000358 0.000060 0.000036 0.000022 0.000735 0.000095 0.000099 0.000177 0.001041 0.010091 0.007059 0.021759 0.008524 0.089638 0.000462 0.003486 0.000699 0.000050 0.000061 0.000103
0.679710 0.034093 0.128643 0.007083 0.000920 0.004007 0.000054 0.000003 0.004679 0.000245 0.000379 0.001461 0.003757 0.011086 0.006341 0.004551 0.004151 0.078190 0.005425 0.007625 0.017356 0.000063 0.000013 0.000165
0.203588 0.006017 0.069952 0.402080 0.052488 0.247674 0.000068 0.000001 0.000034 0.001494 0.000791 0.000984 0.000005 0.000009 0.000020 0.001506 0.000031 0.012503 0.000261 0.000050 0.000403 0.000037 0.000002 0.000001
0.352041 0.086944 0.367193 0.000136 0.000244 0.000135 0.000068 0.000020 0.000678 0.000060 0.000100 0.000057 0.085761 0.022915 0.068612 0.002576 0.001275 0.008140 0.000412 0.001004 0.001525 0.000010 0.000084 0.000010
0.006004 0.007913 0.789657 0.000127 0.000457 0.055359 0.000133 0.000000 0.000750 0.000395 0.000422 0.045462 0.000018 0.000071 0.035249 0.000215 0.000031 0.047759 0.000054 0.000010 0.009684 0.000010 0.000001 0.000222
0.080769 0.010135 0.026556 0.011883 0.003692 0.020039 0.000011 0.000000 0.000669 0.000596 0.000218 0.003497 0.000513 0.002357 0.001780 0.332010 0.005282 0.467389 0.004303 0.000429 0.026812 0.000120 0.000016 0.000926
0.016409 0.082703 0.003463 0.000018 0.000296 0.000024 0.000001 0.000001 0.000716 0.000005 0.000067 0.000034 0.000213 0.002056 0.005915 0.018995 0.038337 0.829925 0.000007 0.000413 0.000103 0.000016 0.000131 0.000154
0.105455 0.010349 0.013001 0.001167 0.001142 0.000392 0.000012 0.000002 0.001076 0.000085 0.000196 0.000193 0.000613 0.002749 0.000483 0.222053 0.011800 0.624270 0.001159 0.001868 0.001554 0.000058 0.000018 0.000305
0.013761 0.004980 0.261507 0.005149 0.002133 0.130995 0.000355 0.000002 0.001012 0.002644 0.005972 0.148867 0.010641 0.009766 0.361551 0.000866 0.000179 0.015986 0.002217 0.000318 0.020598 0.000160 0.000005 0.000335
0.043546 0.023800 0.009956 0.001395 0.001639 0.000285 0.000008 0.000001 0.000096 0.000005 0.000010 0.000011 0.000597 0.002058 0.000268 0.435119 0.068169 0.406911 0.002742 0.000840 0.002327 0.000054 0.000038 0.000125
0.000770 0.000033 0.000471 0.000238 0.000014 0.000074 0.000005 0.000006 0.000708 0.000114 0.000013 0.000036 0.000946 0.000163 0.001559 0.000067 0.000115 0.000505 0.030806 0.018982 0.942750 0.001492 0.000016 0.000117
0.380472 0.013969 0.288987 0.047834 0.000235 0.012767 0.000024 0.000002 0.002052 0.000819 0.000070 0.003078 0.011041 0.000607 0.014073 0.002029 0.001900 0.016974 0.048642 0.005981 0.147732 0.000079 0.000009 0.000625
0.026208 0.004730 0.694026 0.012046 0.000319 0.081348 0.000087 0.000002 0.001167 0.003965 0.000940 0.026749 0.004645 0.000234 0.043486 0.000540 0.000208 0.007416 0.008636 0.000901 0.080846 0.000034 0.000003 0.001466
0.193835 0.034692 0.324524 0.022522 0.001825 0.040295 0.000043 0.000001 0.001115 0.001037 0.000847 0.014608 0.028308 0.003867 0.004808 0.033274 0.040613 0.169609 0.011177 0.001181 0.070441 0.000024 0.000076 0.001276
0.052624 0.010011 0.039306 0.351968 0.012028 0.181172 0.000011 0.000002 0.001066 0.006880 0.004858 0.009412 0.016485 0.000781 0.000557 0.052483 0.010901 0.090971 0.036642 0.002859 0.109582 0.000679 0.000027 0.008694
0.000045 0.000006 0.000212 0.000016 0.000002 0.000056 0.000002 0.000004 0.000109 0.000012 0.000014 0.000056 0.003833 0.000019 0.000359 0.000005 0.000014 0.000034 0.004177 0.001397 0.989467 0.000128 0.000001 0.000031
0.004850 0.000588 0.016214 0.007470 0.000726 0.328490 0.000007 0.000000 0.000324 0.000153 0.001298 0.004938 0.002308 0.003050 0.077718 0.039181 0.001261 0.506154 0.000095 0.000004 0.003947 0.000029 0.000056 0.001139
0.332982 0.013317 0.267660 0.068263 0.001783 0.074410 0.000073 0.000003 0.002258 0.018716 0.001381 0.018445 0.009754 0.002132 0.012032 0.024002 0.000644 0.061796 0.035817 0.008507 0.044247 0.000484 0.000003 0.001294
0.007361 0.002314 0.275641 0.011558 0.003146 0.529322 0.000264 0.000001 0.000705 0.005356 0.002917 0.064394 0.000232 0.000142 0.010259 0.000444 0.000042 0.028956 0.006125 0.000513 0.049789 0.000096 0.000001 0.000423
0.211930 0.037011 0.746797 0.000492 0.000309 0.001790 0.000085 0.000000 0.000016 0.000227 0.000065 0.000320 0.000018 0.000001 0.000054 0.000058 0.000001 0.000704 0.000024 0.000002 0.000096 0.000001 0.000000 0.000000
0.034285 0.003362 0.006656 0.486356 0.021632 0.222709 0.000010 0.000001 0.000414 0.010009 0.002094 0.003543 0.003136 0.002537 0.001130 0.047239 0.007652 0.038218 0.050225 0.001240 0.053697 0.002540 0.000022 0.001294
0.025562 0.000550 0.001736 0.000107 0.000006 0.000024 0.017501 0.011274 0.889826 0.000113 0.000100 0.000012 0.036205 0.000005 0.000444 0.000021 0.000003 0.000069 0.002071 0.000823 0.005246 0.008135 0.000037 0.000132
0.090370 0.005650 0.000467 0.866949 0.006915 0.019573 0.000019 0.000001 0.000256 0.000047 0.000016 0.000016 0.000160 0.000035 0.000016 0.004534 0.002395 0.002182 0.000211 0.000025 0.000062 0.000062 0.000035 0.000004
0.537739 0.026095 0.140345 0.214114 0.005129 0.072260 0.000244 0.000020 0.000094 0.001892 0.000424 0.000135 0.000009 0.000001 0.000028 0.000146 0.000017 0.000496 0.000287 0.000062 0.000423 0.000034 0.000002 0.000002
0.000868 0.000284 0.008510 0.000194 0.000112 0.033258 0.061224 0.007811 0.882085 0.000279 0.001719 0.002120 0.000006 0.000004 0.000461 0.000001 0.000007 0.000153 0.000027 0.000074 0.000191 0.000087 0.000007 0.000518
0.028067 0.005636 0.026487 0.002467 0.000340 0.007758 0.000657 0.000156 0.001037 0.015016 0.000301 0.001616 0.054337 0.003119 0.055006 0.005453 0.003443 0.002350 0.696534 0.005860 0.074303 0.001112 0.000041 0.008904
0.294040 0.022696 0.004437 0.266263 0.101395 0.059153 0.000025 0.000009 0.000188 0.000853 0.000050 0.000216 0.000114 0.000155 0.000436 0.069613 0.011819 0.063579 0.091150 0.001080 0.012125 0.000134 0.000016 0.000455
0.000106 0.000015 0.000036 0.000037 0.000020 0.000203 0.001029 0.000240 0.997933 0.000001 0.000011 0.000006 0.000004 0.000001 0.000013 0.000001 0.000001 0.000159 0.000055 0.000016 0.000071 0.000004 0.000000 0.000039
0.039484 0.215323 0.064958 0.000018 0.000018 0.000014 0.000020 0.000058 0.005778 0.000010 0.000005 0.000158 0.003300 0.000742 0.003739 0.259514 0.045795 0.358814 0.000236 0.001014 0.000467 0.000002 0.000130 0.000403
0.099837 0.013420 0.880958 0.000093 0.000018 0.000775 0.000291 0.000001 0.000141 0.000009 0.000007 0.000408 0.000039 0.000005 0.000089 0.000156 0.000007 0.003618 0.000035 0.000004 0.000085 0.000000 0.000001 0.000001
0.011294 0.000274 0.329962 0.000088 0.000013 0.000784 0.011708 0.000022 0.002713 0.030440 0.000310 0.080394 0.000938 0.001131 0.003403 0.001827 0.000033 0.002976 0.036751 0.004314 0.480330 0.000126 0.000002 0.000166
0.000169 0.000109 0.000093 0.000201 0.000084 0.000962 0.000000 0.000000 0.000006 0.000004 0.000013 0.000133 0.000006 0.000094 0.000203 0.030438 0.001057 0.966102 0.000027 0.000002 0.000161 0.000005 0.000001 0.000132
0.015520 0.001670 0.206415 0.026376 0.000946 0.587038 0.000117 0.000000 0.000458 0.002150 0.000641 0.033240 0.000123 0.000348 0.004343 0.005424 0.000389 0.062446 0.009157 0.000829 0.042179 0.000022 0.000002 0.000166
0.000019 0.000000 0.000227 0.000010 0.000002 0.001148 0.000060 0.000003 0.000057 0.000897 0.000959 0.981336 0.000003 0.000038 0.001378 0.000005 0.000000 0.001743 0.000038 0.000050 0.011827 0.000049 0.000000 0.000149
0.106691 0.002648 0.271490 0.001769 0.000032 0.009806 0.007701 0.000278 0.001639 0.138220 0.001195 0.031832 0.000212 0.000005 0.000458 0.000011 0.000001 0.000144 0.013437 0.001141 0.410744 0.000526 0.000001 0.000021
0.025560 0.004688 0.158432 0.089007 0.001437 0.611691 0.000171 0.000000 0.000643 0.002777 0.001448 0.033703 0.000932 0.000574 0.010592 0.002348 0.001775 0.019002 0.008700 0.000847 0.025150 0.000033 0.000010 0.000482
0.005453 0.019573 0.179510 0.003429 0.052015 0.462316 0.000373 0.000263 0.002518 0.001091 0.182009 0.018511 0.000042 0.000257 0.054306 0.000958 0.001367 0.012620 0.000007 0.000598 0.001921 0.000141 0.000472 0.000249
0.032395 0.060175 0.000164 0.004918 0.003008 0.000486 0.000002 0.000004 0.000071 0.000008 0.000013 0.000001 0.000940 0.001326 0.000276 0.324016 0.536341 0.033627 0.000727 0.000321 0.000109 0.000095 0.000762 0.000216
0.450872 0.087279 0.357367 0.012078 0.001253 0.050185 0.000275 0.000001 0.000451 0.000219 0.000398 0.001829 0.000063 0.000077 0.001736 0.002981 0.000843 0.030240 0.000207 0.000125 0.001462 0.000012 0.000013 0.000031
0.000031 0.000008 0.000964 0.006075 0.001475 0.987350 0.000002 0.000000 0.000002 0.000213 0.000116 0.002730 0.000000 0.000000 0.000016 0.000009 0.000001 0.000860 0.000007 0.000001 0.000132 0.000005 0.000000 0.000004
0.142957 0.057794 0.136907 0.001158 0.000835 0.002088 0.000022 0.000011 0.001824 0.000041 0.000050 0.000160 0.112412 0.012797 0.499422 0.009080 0.006259 0.012790 0.001077 0.000360 0.001110 0.000025 0.000657 0.000163
0.000629 0.000036 0.001643 0.000006 0.000008 0.000108 0.010583 0.000479 0.953361 0.000010 0.000013 0.000160 0.000212 0.000012 0.028188 0.000007 0.000006 0.001650 0.000065 0.000054 0.001846 0.000116 0.000052 0.000756
0.002162 0.003242 0.007264 0.001197 0.004198 0.000848 0.000544 0.003905 0.017648 0.025380 0.015779 0.037773 0.002263 0.001692 0.032302 0.169428 0.059416 0.439215 0.000879 0.009718 0.075102 0.005926 0.005262 0.078856
0.000687 0.000093 0.007233 0.063344 0.008247 0.917271 0.000022 0.000000 0.000013 0.000183 0.000196 0.000491 0.000001 0.000000 0.000109 0.000177 0.000019 0.001300 0.000216 0.000003 0.000349 0.000009 0.000001 0.000035
0.004955 0.000364 0.162442 0.008026 0.020775 0.391037 0.000565 0.000014 0.001039 0.009221 0.009946 0.059812 0.000050 0.000012 0.053464 0.000573 0.000039 0.021097 0.009146 0.000373 0.238729 0.001626 0.000014 0.006680
0.503732 0.022479 0.397062 0.010465 0.002290 0.003394 0.000022 0.000000 0.000256 0.000693 0.000149 0.006342 0.000875 0.000107 0.001049 0.006432 0.000955 0.022280 0.001865 0.000297 0.019173 0.000017 0.000010 0.000056
0.000387 0.000005 0.000581 0.000051 0.000010 0.000013 0.000200 0.000561 0.003934 0.003397 0.002723 0.002786 0.001938 0.000547 0.008378 0.000059 0.000077 0.000326 0.017506 0.170601 0.780758 0.002228 0.000017 0.002914
0.494916 0.018244 0.430990 0.005035 0.000954 0.002373 0.000043 0.000003 0.001568 0.000102 0.000053 0.000778 0.000464 0.000068 0.000526 0.002903 0.003372 0.025819 0.001069 0.000613 0.010037 0.000009 0.000012 0.000049
0.000240 0.000253 0.002784 0.003219 0.007862 0.009571 0.000000 0.000000 0.000019 0.000016 0.000043 0.000152 0.000004 0.000006 0.000171 0.099167 0.002564 0.872079 0.000084 0.000003 0.000151 0.000009 0.000003 0.001601
0.031386 0.001888 0.959363 0.000614 0.000106 0.001062 0.000019 0.000002 0.000017 0.000363 0.000009 0.000419 0.000013 0.000001 0.000046 0.000078 0.000003 0.000129 0.000229 0.000048 0.004202 0.000001 0.000000 0.000001
0.464945 0.030929 0.450577 0.038835 0.005011 0.003257 0.000022 0.000001 0.000054 0.001056 0.000075 0.000553 0.000151 0.000006 0.000093 0.002540 0.000107 0.000535 0.000274 0.000105 0.000858 0.000011 0.000002 0.000003
0.134868 0.004007 0.019835 0.085986 0.021138 0.094410 0.000086 0.000021 0.002488 0.003936 0.000929 0.013276 0.151084 0.005227 0.315675 0.017631 0.004388 0.010468 0.039610 0.000648 0.062261 0.007386 0.000112 0.004530
0.022044 0.000312 0.092697 0.003457 0.000659 0.012584 0.000152 0.000003 0.001468 0.010571 0.000098 0.017457 0.001513 0.000251 0.008874 0.000645 0.000099 0.003624 0.023156 0.001924 0.796746 0.001301 0.000006 0.000361
0.812611 0.019371 0.021868 0.134159 0.001642 0.002671 0.000019 0.000000 0.000038 0.000088 0.000016 0.000133 0.004484 0.000051 0.000325 0.000515 0.000111 0.000313 0.000785 0.000029 0.000751 0.000004 0.000009 0.000004
0.003316 0.000761 0.118001 0.035833 0.008011 0.560326 0.000063 0.000000 0.000528 0.002508 0.003499 0.135564 0.000163 0.000074 0.011962 0.000485 0.000452 0.032568 0.001059 0.000162 0.082260 0.000525 0.000022 0.001860
0.009697 0.000411 0.943205 0.002241 0.000141 0.022260 0.000428 0.000002 0.000159 0.008337 0.000120 0.008529 0.000007 0.000000 0.000335 0.000013 0.000000 0.000095 0.000269 0.000030 0.003703 0.000006 0.000000 0.000009
0.005147 0.002951 0.983876 0.000118 0.000043 0.002053 0.000014 0.000000 0.000022 0.000059 0.000038 0.002451 0.000003 0.000001 0.000345 0.000165 0.000018 0.002469 0.000009 0.000001 0.000208 0.000000 0.000000 0.000007
0.313405 0.370522 0.295987 0.000540 0.000492 0.000147 0.000014 0.000005 0.000091 0.000008 0.000011 0.000008 0.000188 0.000019 0.000917 0.005910 0.008607 0.002590 0.000039 0.000178 0.000296 0.000002 0.000020 0.000003
0.003645 0.001569 0.425354 0.008994 0.002440 0.547009 0.000078 0.000000 0.000027 0.002319 0.000751 0.005627 0.000001 0.000000 0.000214 0.000110 0.000004 0.000754 0.000038 0.000003 0.001041 0.000007 0.000000 0.000014
0.142772 0.388822 0.452886 0.000490 0.000095 0.000300 0.000009 0.000000 0.000012 0.000078 0.000018 0.000113 0.000210 0.000240 0.000277 0.010033 0.002002 0.001494 0.000013 0.000003 0.000093 0.000000 0.000037 0.000001
0.095725 0.007220 0.048718 0.338239 0.093354 0.045960 0.000259 0.000027 0.001705 0.000275 0.000121 0.000032 0.006093 0.000347 0.012044 0.028460 0.004221 0.010106 0.233413 0.003818 0.068591 0.000900 0.000067 0.000304
0.703313 0.001199 0.095427 0.001485 0.000137 0.000123 0.013154 0.000199 0.003960 0.000449 0.000009 0.000133 0.142770 0.000505 0.004874 0.000228 0.000012 0.000048 0.021948 0.001269 0.008666 0.000075 0.000012 0.000005
0.698481 0.010669 0.279562 0.003806 0.000220 0.002280 0.001706 0.000012 0.000848 0.000093 0.000018 0.000201 0.000138 0.000000 0.000133 0.000029 0.000003 0.000182 0.000192 0.000013 0.001377 0.000028 0.000001 0.000005
0.040106 0.003352 0.278712 0.007671 0.000822 0.135364 0.000150 0.000008 0.001490 0.004147 0.001167 0.173356 0.001373 0.002731 0.248795 0.003170 0.002300 0.019771 0.006944 0.000943 0.063281 0.000634 0.000034 0.003680
0.002198 0.000015 0.000915 0.006235 0.000098 0.003455 0.000095 0.000003 0.000103 0.000930 0.000006 0.000074 0.000035 0.000030 0.000481 0.000047 0.000036 0.000135 0.145203 0.000892 0.838554 0.000421 0.000001 0.000036
0.367902 0.037532 0.133492 0.032984 0.009150 0.031931 0.000025 0.000004 0.001074 0.000259 0.000277 0.001724 0.000527 0.000439 0.007411 0.080778 0.011812 0.274677 0.001331 0.000326 0.005369 0.000056 0.000080 0.000840
0.031831 0.000096 0.003126 0.595378 0.009303 0.250125 0.000054 0.000001 0.000091 0.001074 0.000040 0.000347 0.000037 0.000061 0.000514 0.001222 0.000099 0.002141 0.061107 0.000444 0.042615 0.000206 0.000002 0.000088
0.523558 0.033287 0.155594 0.080708 0.006352 0.026702 0.000066 0.000001 0.000741 0.000748 0.000262 0.005830 0.001285 0.000523 0.004715 0.026036 0.009704 0.079613 0.013852 0.000745 0.028873 0.000058 0.000032 0.000716
0.040785 0.003344 0.050104 0.411028 0.008450 0.330239 0.000032 0.000001 0.000458 0.002334 0.001182 0.010666 0.000389 0.000241 0.002137 0.017913 0.002834 0.040721 0.021181 0.000766 0.052553 0.000417 0.000016 0.002211
0.002150 0.000889 0.220405 0.012290 0.001457 0.705015 0.000152 0.000000 0.000099 0.003615 0.001697 0.042989 0.000004 0.000003 0.001436 0.000071 0.000015 0.004847 0.000321 0.000019 0.002328 0.000011 0.000000 0.000186
0.518989 0.041570 0.363215 0.040686 0.001505 0.011114 0.000014 0.000000 0.000083 0.000327 0.000033 0.000681 0.000110 0.000033 0.000298 0.012008 0.000491 0.005599 0.000886 0.000059 0.002271 0.000011 0.000005 0.000010
0.010118 0.006824 0.008705 0.010275 0.000755 0.005606 0.000003 0.000003 0.001264 0.008182 0.001461 0.008004 0.001075 0.001384 0.017550 0.134686 0.150498 0.253238 0.080510 0.015020 0.259284 0.006433 0.000065 0.019059
0.086888 0.001705 0.156804 0.085909 0.003193 0.164156 0.000261 0.000002 0.001008 0.006845 0.000217 0.028070 0.000532 0.001366 0.006082 0.006666 0.000242 0.009472 0.078255 0.002705 0.358942 0.000553 0.000005 0.000123
0.011766 0.004474 0.599598 0.006542 0.009386 0.351633 0.000029 0.000000 0.000003 0.000170 0.000141 0.002003 0.000000 0.000003 0.000089 0.002051 0.000026 0.011799 0.000015 0.000001 0.000262 0.000003 0.000002 0.000002
0.269307 0.010580 0.082964 0.457693 0.044181 0.101300 0.000017 0.000000 0.000047 0.000334 0.000039 0.000447 0.000038 0.000081 0.000170 0.021017 0.000426 0.008175 0.001751 0.000053 0.001342 0.000029 0.000003 0.000006
0.019048 0.005257 0.962719 0.000124 0.000262 0.001291 0.000085 0.000000 0.000066 0.000061 0.000045 0.003147 0.000036 0.000057 0.003258 0.000579 0.000045 0.002584 0.000159 0.000033 0.001127 0.000002 0.000001 0.000013
0.000021 0.000000 0.000194 0.000013 0.000010 0.001613 0.000038 0.000001 0.000218 0.000486 0.000192 0.996525 0.000000 0.000004 0.000065 0.000002 0.000000 0.000177 0.000001 0.000001 0.000388 0.000022 0.000000 0.000028
0.865530 0.010968 0.122276 0.000355 0.000037 0.000110 0.000025 0.000000 0.000098 0.000013 0.000000 0.000071 0.000005 0.000002 0.000017 0.000070 0.000004 0.000338 0.000011 0.000002 0.000066 0.000002 0.000000 0.000000
0.000406 0.000024 0.008355 0.000001 0.000003 0.000046 0.054215 0.000073 0.934890 0.000012 0.000021 0.000362 0.000009 0.000005 0.001439 0.000000 0.000000 0.000073 0.000004 0.000007 0.000040 0.000008 0.000001 0.000005
0.016870 0.000754 0.088936 0.000260 0.000011 0.000284 0.001254 0.000088 0.007656 0.003240 0.000030 0.001938 0.002131 0.000076 0.000849 0.000229 0.000085 0.000831 0.102191 0.005673 0.765973 0.000479 0.000002 0.000160
0.000135 0.000010 0.001172 0.000039 0.000064 0.003690 0.000412 0.000200 0.000972 0.112140 0.005171 0.854288 0.000008 0.000007 0.000397 0.000013 0.000000 0.000388 0.000079 0.000054 0.017659 0.000766 0.000000 0.002339
0.076559 0.009212 0.260341 0.006917 0.001195 0.020514 0.000190 0.000008 0.003107 0.001678 0.000066 0.003444 0.007045 0.001648 0.024150 0.003784 0.002336 0.036514 0.228312 0.002499 0.307599 0.000209 0.000006 0.002666
0.044876 0.012541 0.923773 0.002046 0.000227 0.011027 0.000028 0.000001 0.000040 0.001076 0.000067 0.001070 0.000015 0.000001 0.000106 0.000056 0.000007 0.000186 0.000640 0.000152 0.002056 0.000002 0.000000 0.000007
0.000105 0.000052 0.003290 0.002308 0.002167 0.978662 0.000005 0.000000 0.000057 0.001302 0.000246 0.003854 0.000003 0.000001 0.001108 0.000032 0.000004 0.002054 0.000246 0.000005 0.003836 0.000062 0.000000 0.000600
0.003918 0.000038 0.000366 0.001980 0.000144 0.001247 0.005204 0.039595 0.645275 0.005907 0.002329 0.002365 0.009017 0.002335 0.010809 0.000220 0.000037 0.001247 0.047463 0.103116 0.098880 0.009111 0.000082 0.009314
0.000266 0.000018 0.000035 0.003662 0.000306 0.000480 0.000028 0.000010 0.000027 0.000201 0.000003 0.000002 0.000529 0.000028 0.000045 0.000649 0.000138 0.000198 0.960383 0.004216 0.028551 0.000126 0.000001 0.000097
0.000798 0.001043 0.000990 0.000007 0.000031 0.000050 0.000000 0.000000 0.000106 0.000001 0.000010 0.000069 0.000008 0.000060 0.000365 0.005048 0.001081 0.990205 0.000001 0.000024 0.000031 0.000001 0.000007 0.000063
0.218394 0.050901 0.651297 0.013610 0.002178 0.026661 0.000136 0.000002 0.001410 0.002737 0.007303 0.010291 0.001422 0.000157 0.000908 0.001219 0.000270 0.007530 0.000707 0.000997 0.001804 0.000009 0.000001 0.000056
0.000789 0.000008 0.000164 0.000634 0.000009 0.000043 0.000250 0.000512 0.003459 0.001090 0.000195 0.000042 0.165012 0.000826 0.201637 0.000199 0.000049 0.000264 0.229007 0.009402 0.385169 0.000829 0.000012 0.000399
0.000082 0.000002 0.006916 0.000046 0.000001 0.000903 0.000068 0.000003 0.000270 0.043644 0.002277 0.927822 0.000009 0.000004 0.000634 0.000002 0.000000 0.000081 0.000017 0.000037 0.017076 0.000019 0.000000 0.000086
0.245923 0.003635 0.724247 0.000103 0.000007 0.000015 0.000013 0.000001 0.000186 0.000029 0.000003 0.000047 0.001901 0.000107 0.002267 0.012656 0.000075 0.006885 0.000637 0.000087 0.001140 0.000001 0.000001 0.000038
0.523576 0.005751 0.460283 0.002012 0.000075 0.000508 0.000097 0.000003 0.000074 0.001260 0.000009 0.000060 0.000102 0.000001 0.000037 0.000121 0.000001 0.000084 0.002020 0.000139 0.003780 0.000006 0.000000 0.000001
0.014444 0.009678 0.809192 0.004671 0.001451 0.112027 0.000055 0.000000 0.000187 0.000334 0.000578 0.017051 0.000115 0.000021 0.007179 0.000285 0.000062 0.019636 0.000211 0.000015 0.002652 0.000002 0.000001 0.000154
0.000067 0.000003 0.000096 0.000008 0.000001 0.000064 0.000585 0.000012 0.998624 0.000000 0.000001 0.000009 0.000006 0.000000 0.000191 0.000000 0.000000 0.000236 0.000010 0.000002 0.000064 0.000002 0.000000 0.000018
0.003603 0.000301 0.044958 0.001715 0.002907 0.106674 0.000188 0.000012 0.003576 0.003820 0.022439 0.515064 0.000016 0.000315 0.019423 0.005722 0.000022 0.264148 0.000006 0.000003 0.002143 0.000260 0.000011 0.002675
0.150666 0.010562 0.102720 0.003215 0.001355 0.001833 0.000015 0.000000 0.001031 0.002295 0.000044 0.000593 0.001507 0.000329 0.008708 0.591082 0.001822 0.113741 0.004437 0.000162 0.002507 0.000073 0.000011 0.001290
0.875375 0.006883 0.091154 0.004608 0.002450 0.000272 0.000174 0.000000 0.000059 0.000169 0.000003 0.000011 0.000173 0.000036 0.000326 0.002551 0.000006 0.000763 0.010839 0.000234 0.003903 0.000011 0.000001 0.000001
0.018200 0.001809 0.026339 0.001508 0.001367 0.005281 0.000092 0.000001 0.001121 0.002289 0.000377 0.006556 0.018746 0.002971 0.852220 0.008632 0.000173 0.018044 0.014234 0.000190 0.017398 0.000183 0.000012 0.002254
0.133691 0.041845 0.016305 0.000197 0.000130 0.000062 0.000002 0.000001 0.000087 0.000012 0.000006 0.000014 0.000948 0.000302 0.031791 0.086447 0.005629 0.682087 0.000115 0.000030 0.000116 0.000002 0.000152 0.000029
0.001201 0.000055 0.012286 0.000194 0.000540 0.000460 0.000169 0.001434 0.003786 0.123380 0.075106 0.091800 0.001733 0.002397 0.121826 0.000346 0.000236 0.002700 0.008657 0.058851 0.452561 0.007209 0.000480 0.032594
0.060288 0.002469 0.030949 0.631314 0.024354 0.049724 0.000038 0.000004 0.000430 0.003073 0.000385 0.001689 0.001944 0.000230 0.005217 0.013383 0.012800 0.010663 0.116577 0.001780 0.027045 0.000493 0.000080 0.005069
0.001694 0.000195 0.017691 0.245079 0.040627 0.687034 0.000008 0.000000 0.000011 0.001023 0.000311 0.000807 0.000002 0.000001 0.000038 0.001330 0.000042 0.002169 0.000707 0.000012 0.001162 0.000013 0.000001 0.000044
0.164002 0.035818 0.466603 0.001637 0.001122 0.000295 0.000002 0.000000 0.000121 0.000050 0.000010 0.000360 0.000205 0.000083 0.000690 0.170714 0.003687 0.149961 0.001092 0.000079 0.003275 0.000005 0.000009 0.000181
0.521742 0.028117 0.442334 0.005690 0.000478 0.000550 0.000003 0.000000 0.000003 0.000380 0.000008 0.000035 0.000005 0.000000 0.000006 0.000297 0.000004 0.000079 0.000077 0.000008 0.000183 0.000001 0.000000 0.000000
