0.002086 0.012750 0.011966 0.001953 0.023636 0.002074 0.001330 0.001019 0.003140 0.001518 0.003638 0.001486 0.030846 0.030038 0.044303 0.227897 0.259003 0.069749 0.072645 0.071161 0.054884 0.010402 0.014520 0.047956
0.000464 0.000011 0.000106 0.000083 0.000067 0.000027 0.012673 0.004379 0.968738 0.000053 0.000068 0.000095 0.002369 0.000306 0.000404 0.000049 0.000049 0.000068 0.001699 0.001003 0.004593 0.001196 0.000300 0.001201
0.028966 0.012035 0.643326 0.001275 0.004130 0.004461 0.017394 0.022446 0.065510 0.001513 0.021384 0.011425 0.033901 0.001086 0.032215 0.034935 0.000527 0.031765 0.000418 0.003663 0.014603 0.000856 0.005234 0.006931
0.029295 0.000714 0.016199 0.755116 0.003593 0.143995 0.000183 0.000001 0.001007 0.006052 0.001171 0.002275 0.000098 0.000012 0.000293 0.019026 0.000083 0.008794 0.003965 0.000099 0.007361 0.000471 0.000005 0.000193
0.000121 0.000476 0.000102 0.000171 0.001019 0.000097 0.000000 0.000000 0.000008 0.000004 0.000008 0.000007 0.000005 0.000011 0.000162 0.316566 0.005040 0.675859 0.000009 0.000003 0.000036 0.000032 0.000023 0.000241
0.728671 0.005520 0.178870 0.018963 0.000298 0.003172 0.000039 0.000000 0.000186 0.000918 0.000086 0.005223 0.001705 0.000873 0.006879 0.015608 0.000206 0.025925 0.001435 0.000637 0.004733 0.000017 0.000005 0.000033
0.001880 0.000025 0.004468 0.000033 0.000002 0.000018 0.000562 0.000011 0.001815 0.000532 0.000053 0.000665 0.000511 0.000241 0.001490 0.000020 0.000007 0.000076 0.012699 0.002638 0.972056 0.000186 0.000000 0.000014
0.000358 0.000249 0.003033 0.000006 0.000006 0.000177 0.000008 0.000001 0.000205 0.000054 0.000087 0.000480 0.005569 0.000092 0.989128 0.000033 0.000001 0.000116 0.000003 0.000002 0.000097 0.000002 0.000005 0.000285
0.002912 0.000119 0.037966 0.000092 0.000166 0.001346 0.000419 0.000011 0.000532 0.089755 0.000626 0.104277 0.000646 0.001273 0.011171 0.000787 0.000064 0.002091 0.003741 0.002861 0.737073 0.001348 0.000025 0.000702
0.000223 0.000773 0.000586 0.000075 0.000988 0.001534 0.000000 0.000000 0.000050 0.000017 0.000162 0.000269 0.000017 0.001349 0.005066 0.094760 0.016189 0.876413 0.000017 0.000010 0.000282 0.000037 0.000039 0.001144
0.196058 0.008257 0.248916 0.150984 0.007737 0.147416 0.000117 0.000003 0.001465 0.006556 0.000735 0.002378 0.000775 0.000882 0.006109 0.043228 0.002047 0.080931 0.036847 0.004667 0.052718 0.000402 0.000008 0.000764
0.199841 0.069637 0.151816 0.000628 0.000483 0.000217 0.000011 0.000001 0.000180 0.000008 0.000015 0.000098 0.000339 0.000198 0.000824 0.075128 0.001900 0.497660 0.000192 0.000031 0.000724 0.000002 0.000005 0.000062
0.002186 0.002363 0.006690 0.090156 0.289124 0.214767 0.000006 0.000000 0.000018 0.000153 0.000059 0.000215 0.000001 0.000047 0.000038 0.052024 0.001556 0.339532 0.000554 0.000022 0.000427 0.000027 0.000003 0.000029
0.099245 0.011947 0.884405 0.000557 0.001178 0.000930 0.000037 0.000000 0.000009 0.000114 0.000072 0.000350 0.000019 0.000002 0.000112 0.000194 0.000001 0.000712 0.000015 0.000006 0.000093 0.000001 0.000000 0.000001
0.759726 0.007715 0.144598 0.060027 0.005545 0.000753 0.000452 0.000016 0.000174 0.000453 0.000036 0.000010 0.000871 0.000006 0.000378 0.009815 0.000042 0.001036 0.006367 0.000300 0.001601 0.000062 0.000004 0.000014
0.000735 0.000267 0.004863 0.000000 0.000005 0.000011 0.000063 0.000046 0.000158 0.000006 0.000443 0.000059 0.003639 0.000978 0.986930 0.000069 0.000015 0.001066 0.000009 0.000005 0.000480 0.000011 0.000048 0.000095
0.009161 0.059424 0.010019 0.000116 0.001401 0.000042 0.000014 0.000003 0.000136 0.000020 0.000186 0.000015 0.000780 0.001185 0.000372 0.380677 0.354508 0.180055 0.000180 0.000698 0.000146 0.000037 0.000256 0.000569
0.303823 0.047209 0.604322 0.002832 0.004572 0.011318 0.000084 0.000001 0.000032 0.000100 0.000494 0.000577 0.000003 0.000032 0.000080 0.001911 0.000092 0.022335 0.000013 0.000032 0.000130 0.000004 0.000003 0.000001
0.049754 0.076769 0.036129 0.000122 0.000465 0.000007 0.010863 0.017375 0.033404 0.000284 0.000770 0.000033 0.043886 0.009057 0.001609 0.448038 0.031970 0.122198 0.052853 0.053453 0.006958 0.001399 0.000863 0.001741
0.002089 0.008427 0.021193 0.000486 0.000421 0.002889 0.000152 0.000003 0.001257 0.000740 0.001219 0.010264 0.009235 0.018873 0.850730 0.010620 0.003782 0.041302 0.000973 0.000179 0.004314 0.000093 0.000914 0.009845
0.000093 0.000009 0.000511 0.000023 0.000010 0.001445 0.113303 0.000417 0.809448 0.000027 0.000050 0.000288 0.000967 0.000039 0.067063 0.000001 0.000006 0.000490 0.000133 0.000007 0.002888 0.000038 0.000033 0.002714
0.310108 0.001949 0.007790 0.520079 0.028255 0.029118 0.000151 0.000034 0.000335 0.000298 0.000046 0.000063 0.000081 0.000037 0.000121 0.044662 0.002496 0.049625 0.001124 0.000038 0.002941 0.000107 0.000352 0.000188
0.000079 0.000014 0.001968 0.000129 0.001279 0.011552 0.009889 0.004770 0.921116 0.000401 0.013412 0.023908 0.000072 0.000038 0.000749 0.000005 0.000006 0.001560 0.000008 0.000076 0.003213 0.001789 0.000100 0.003868
0.001114 0.000468 0.034006 0.013871 0.026291 0.841721 0.000087 0.000001 0.000251 0.001012 0.002371 0.019896 0.000061 0.000032 0.002205 0.001247 0.000051 0.052748 0.000052 0.000002 0.001491 0.000025 0.000017 0.000980
0.025895 0.006740 0.958060 0.000491 0.001183 0.005438 0.000024 0.000000 0.000006 0.000892 0.000142 0.000605 0.000001 0.000000 0.000054 0.000068 0.000000 0.000310 0.000005 0.000001 0.000081 0.000000 0.000000 0.000001
0.000628 0.000336 0.003230 0.000467 0.006555 0.002364 0.000001 0.000002 0.000145 0.000031 0.000054 0.000083 0.000038 0.000028 0.008401 0.054742 0.000994 0.917711 0.000044 0.000026 0.000686 0.000061 0.000021 0.003354
0.462580 0.037767 0.494709 0.001065 0.000271 0.000171 0.000003 0.000000 0.000007 0.000155 0.000009 0.000073 0.000079 0.000015 0.000044 0.001773 0.000030 0.000972 0.000049 0.000018 0.000205 0.000001 0.000001 0.000001
0.002418 0.000008 0.001465 0.000003 0.000001 0.000001 0.006817 0.000951 0.986148 0.000020 0.000006 0.000031 0.000642 0.000044 0.000136 0.000011 0.000003 0.000204 0.000276 0.000199 0.000548 0.000024 0.000001 0.000044
0.114492 0.015406 0.111912 0.050283 0.004426 0.098690 0.000021 0.000010 0.006399 0.010216 0.001083 0.034582 0.025790 0.002209 0.086890 0.016684 0.002897 0.099075 0.072975 0.005161 0.225347 0.001479 0.000160 0.013815
0.390140 0.028570 0.566940 0.007358 0.001036 0.002190 0.000016 0.000001 0.000014 0.000355 0.000016 0.000059 0.000012 0.000001 0.000048 0.000686 0.000006 0.000326 0.000832 0.000107 0.001283 0.000001 0.000001 0.000001
0.452194 0.011585 0.173340 0.005672 0.001415 0.000758 0.001970 0.000337 0.000115 0.007705 0.000030 0.000023 0.001555 0.000015 0.000182 0.000348 0.000003 0.000040 0.294713 0.005003 0.042940 0.000046 0.000003 0.000007
0.003949 0.002853 0.124291 0.027432 0.008969 0.815880 0.000054 0.000001 0.000032 0.005271 0.000700 0.003125 0.000001 0.000000 0.000147 0.000679 0.000006 0.005818 0.000141 0.000005 0.000534 0.000006 0.000001 0.000104
0.004900 0.009266 0.067921 0.000036 0.000408 0.002137 0.000020 0.000005 0.000824 0.000072 0.000126 0.000851 0.017310 0.001695 0.885542 0.001131 0.000039 0.007086 0.000038 0.000003 0.000269 0.000011 0.000070 0.000240
0.008664 0.002278 0.164573 0.023377 0.030625 0.305307 0.000043 0.000001 0.000208 0.001907 0.000647 0.004357 0.000006 0.000020 0.000130 0.094471 0.000312 0.358150 0.001458 0.000019 0.003124 0.000035 0.000005 0.000284
0.000877 0.000082 0.003925 0.002451 0.009016 0.011750 0.000227 0.000087 0.000951 0.042445 0.001907 0.036294 0.000057 0.000060 0.001427 0.001431 0.000051 0.024953 0.028449 0.004216 0.798454 0.021815 0.000011 0.009065
0.019205 0.000829 0.107440 0.014842 0.001293 0.021553 0.001126 0.000026 0.001621 0.260934 0.001232 0.042679 0.000129 0.000014 0.000258 0.000764 0.000047 0.002775 0.036159 0.002455 0.482866 0.001412 0.000002 0.000338
0.000145 0.001330 0.000048 0.000578 0.002160 0.000067 0.000000 0.000000 0.000006 0.000012 0.000004 0.000002 0.000012 0.000161 0.000035 0.678085 0.082619 0.234310 0.000132 0.000008 0.000025 0.000012 0.000015 0.000235
0.151334 0.016865 0.201865 0.000642 0.000532 0.000184 0.000019 0.000041 0.002339 0.000976 0.000091 0.000745 0.003238 0.000770 0.044710 0.090918 0.003230 0.454778 0.007510 0.000803 0.009714 0.000370 0.000212 0.008115
0.042499 0.053654 0.901935 0.000100 0.000061 0.000625 0.000005 0.000000 0.000002 0.000032 0.000011 0.000096 0.000001 0.000001 0.000016 0.000089 0.000004 0.000840 0.000005 0.000000 0.000022 0.000000 0.000000 0.000000
0.028378 0.019050 0.457866 0.017477 0.005392 0.086747 0.000080 0.000000 0.001258 0.002802 0.001025 0.029773 0.001362 0.003168 0.006389 0.059242 0.017890 0.203289 0.016839 0.000442 0.040093 0.000058 0.000008 0.001371
0.000324 0.000200 0.080501 0.005932 0.001396 0.832698 0.000019 0.000000 0.000082 0.002174 0.000613 0.056897 0.000001 0.000004 0.000633 0.000040 0.000009 0.014669 0.000112 0.000008 0.003596 0.000011 0.000000 0.000080
0.000395 0.000034 0.002237 0.000093 0.000015 0.000120 0.000047 0.000011 0.000537 0.003304 0.000095 0.000910 0.000377 0.000044 0.002705 0.000121 0.000015 0.000946 0.058101 0.003855 0.922594 0.002731 0.000001 0.000709
0.009576 0.005859 0.002560 0.000200 0.000091 0.000181 0.000000 0.000000 0.000310 0.000024 0.000005 0.000407 0.004057 0.008604 0.013682 0.133742 0.007198 0.811607 0.000325 0.000027 0.001220 0.000034 0.000085 0.000205
0.013129 0.005366 0.041982 0.005568 0.003937 0.025419 0.000008 0.000001 0.002604 0.003179 0.001375 0.028380 0.000679 0.000862 0.011400 0.039564 0.003749 0.639699 0.009030 0.001363 0.154369 0.003123 0.000033 0.005183
0.015744 0.001933 0.005271 0.000064 0.000394 0.000064 0.000007 0.000002 0.000970 0.000838 0.000105 0.001662 0.008595 0.012289 0.181729 0.252357 0.002007 0.493534 0.001462 0.000554 0.015310 0.000845 0.000177 0.004090
0.027651 0.024421 0.015764 0.000120 0.000683 0.000014 0.000028 0.000015 0.000981 0.000133 0.000021 0.000009 0.065891 0.046112 0.047943 0.418228 0.090701 0.217782 0.015651 0.021029 0.004370 0.000860 0.001259 0.000332
0.268179 0.430609 0.209510 0.000293 0.000322 0.000011 0.000029 0.000002 0.000026 0.000062 0.000004 0.000006 0.000248 0.003161 0.000040 0.049466 0.003301 0.023977 0.004532 0.004662 0.001542 0.000004 0.000014 0.000001
0.024663 0.001636 0.482280 0.006892 0.001533 0.053229 0.000160 0.000001 0.001533 0.012904 0.002375 0.184122 0.001498 0.007874 0.030162 0.022842 0.000599 0.104217 0.011773 0.003440 0.043411 0.000849 0.000015 0.001990
0.000136 0.000001 0.000023 0.000029 0.000002 0.000003 0.023443 0.015827 0.921659 0.003146 0.001513 0.000112 0.012078 0.001734 0.002883 0.000031 0.000004 0.000047 0.003971 0.005114 0.003705 0.003951 0.000029 0.000558
0.000155 0.000002 0.001430 0.000051 0.000015 0.001859 0.000229 0.000010 0.000265 0.026728 0.000888 0.254304 0.000120 0.000233 0.002208 0.000030 0.000001 0.000367 0.001018 0.000328 0.708839 0.000404 0.000004 0.000512
0.035643 0.005044 0.095522 0.079144 0.003673 0.544160 0.000014 0.000000 0.001139 0.009724 0.002694 0.057096 0.000781 0.000699 0.038130 0.008522 0.000936 0.063853 0.001962 0.000584 0.048010 0.000229 0.000039 0.002403
0.092852 0.018821 0.157502 0.003717 0.003780 0.029102 0.000038 0.000004 0.006831 0.004377 0.001665 0.055829 0.003855 0.003369 0.155056 0.033008 0.005914 0.184794 0.009620 0.002563 0.217180 0.001167 0.000018 0.008939
0.013256 0.002793 0.033319 0.106196 0.015351 0.317218 0.000016 0.000002 0.001040 0.111754 0.016859 0.154499 0.000381 0.001278 0.019126 0.040908 0.013259 0.076182 0.006269 0.001288 0.037251 0.003152 0.000055 0.028550
0.068140 0.000916 0.005162 0.388240 0.040731 0.016502 0.000190 0.000071 0.000080 0.010628 0.000181 0.000114 0.000328 0.000199 0.000676 0.017247 0.000243 0.002767 0.368841 0.001824 0.075011 0.001381 0.000026 0.000500
0.000121 0.000004 0.000128 0.000334 0.000050 0.002501 0.014791 0.000888 0.975667 0.000098 0.001125 0.000132 0.000122 0.000078 0.000497 0.000004 0.000002 0.000221 0.000521 0.000148 0.001569 0.000277 0.000010 0.000715
0.112236 0.011605 0.251799 0.197014 0.003516 0.118896 0.000197 0.000009 0.004751 0.013062 0.000540 0.022968 0.007634 0.000662 0.004098 0.019024 0.002405 0.057501 0.089946 0.001392 0.074975 0.000118 0.000019 0.005632
0.000003 0.000003 0.000202 0.000000 0.000000 0.000017 0.001393 0.000548 0.995931 0.000002 0.000091 0.000248 0.000004 0.000001 0.000534 0.000000 0.000001 0.000310 0.000001 0.000031 0.000054 0.000009 0.000001 0.000615
0.005910 0.006720 0.956964 0.001118 0.000322 0.026053 0.000352 0.000041 0.000366 0.000262 0.000274 0.000990 0.000065 0.000001 0.000121 0.000005 0.000006 0.000207 0.000066 0.000007 0.000131 0.000001 0.000002 0.000014
0.000376 0.000049 0.037362 0.000334 0.000073 0.006529 0.003080 0.000161 0.000661 0.514681 0.002504 0.405285 0.000149 0.000008 0.000569 0.000031 0.000001 0.000258 0.001818 0.000275 0.023333 0.000124 0.000000 0.002339
0.014488 0.010679 0.240190 0.000551 0.000321 0.006592 0.000011 0.000001 0.000710 0.000522 0.000309 0.005458 0.007485 0.000509 0.610067 0.003176 0.000474 0.096158 0.000047 0.000007 0.000915 0.000003 0.000086 0.001240
0.086914 0.007810 0.060184 0.112992 0.029076 0.048972 0.000020 0.000002 0.000827 0.005405 0.001847 0.012462 0.005126 0.000780 0.001074 0.218090 0.008302 0.326844 0.021848 0.001744 0.043077 0.000141 0.000022 0.006441
0.840480 0.025051 0.083766 0.040111 0.004570 0.001281 0.000014 0.000001 0.000032 0.000580 0.000048 0.000140 0.000428 0.000010 0.000021 0.000439 0.000018 0.000385 0.001610 0.000209 0.000800 0.000003 0.000001 0.000002
0.000594 0.000040 0.010231 0.014646 0.008303 0.181458 0.002791 0.000030 0.000305 0.073535 0.004013 0.023594 0.000057 0.000008 0.000675 0.000047 0.000004 0.002176 0.044448 0.000989 0.629439 0.001176 0.000001 0.001437
0.174795 0.008272 0.266638 0.130960 0.008612 0.044822 0.000141 0.000004 0.001397 0.009548 0.000699 0.013847 0.001843 0.000365 0.005539 0.005704 0.001527 0.066703 0.097609 0.007067 0.151536 0.000246 0.000005 0.002122
0.000609 0.000250 0.000517 0.000013 0.000026 0.000034 0.000008 0.000076 0.002881 0.000088 0.000184 0.000083 0.015651 0.097282 0.836159 0.000888 0.006529 0.031967 0.000351 0.001298 0.001967 0.000108 0.000755 0.002275
0.001560 0.000161 0.083165 0.018016 0.005469 0.879941 0.000094 0.000001 0.000060 0.002820 0.003319 0.002493 0.000000 0.000000 0.000140 0.000048 0.000007 0.002367 0.000038 0.000008 0.000254 0.000006 0.000001 0.000029
0.000558 0.000293 0.000340 0.001113 0.005286 0.000891 0.000000 0.000000 0.000007 0.000018 0.000008 0.000021 0.000006 0.000092 0.000017 0.662405 0.011859 0.316349 0.000272 0.000003 0.000196 0.000030 0.000002 0.000234
0.000033 0.000001 0.000723 0.000020 0.000289 0.003707 0.000038 0.000000 0.000088 0.009203 0.000284 0.969113 0.000002 0.000183 0.001753 0.000035 0.000001 0.001668 0.000031 0.000017 0.011799 0.000382 0.000002 0.000631
0.017323 0.000416 0.052333 0.002595 0.001409 0.059558 0.000508 0.000001 0.001633 0.028424 0.006280 0.139493 0.005751 0.001429 0.508527 0.012176 0.000034 0.142128 0.000058 0.000004 0.003148 0.000148 0.000254 0.016370
0.000777 0.000050 0.012431 0.011621 0.002488 0.968655 0.000007 0.000000 0.000004 0.000592 0.000150 0.000656 0.000000 0.000000 0.000040 0.000159 0.000001 0.001953 0.000044 0.000001 0.000362 0.000003 0.000000 0.000009
0.012752 0.000948 0.768624 0.000788 0.000499 0.029652 0.001171 0.000002 0.000255 0.014218 0.002659 0.150962 0.000030 0.000015 0.012435 0.000036 0.000001 0.001726 0.000144 0.000081 0.002681 0.000009 0.000000 0.000313
0.089017 0.003895 0.315724 0.026303 0.009972 0.161489 0.000407 0.000001 0.001725 0.006313 0.001401 0.026842 0.000514 0.000682 0.028988 0.003552 0.000326 0.070486 0.042784 0.003703 0.203562 0.000146 0.000002 0.002168
0.000606 0.000006 0.000549 0.000014 0.000003 0.000019 0.000012 0.000011 0.000940 0.000165 0.000034 0.000503 0.000048 0.000067 0.005382 0.000014 0.000005 0.000522 0.001568 0.005799 0.983385 0.000209 0.000001 0.000138
0.854269 0.011932 0.103084 0.001413 0.000143 0.000117 0.000146 0.000006 0.000323 0.000256 0.000006 0.000045 0.000711 0.000033 0.000326 0.000140 0.000015 0.000229 0.009691 0.001393 0.015699 0.000017 0.000001 0.000004
0.348308 0.027462 0.279634 0.085600 0.061409 0.073204 0.000051 0.000004 0.000618 0.002363 0.000275 0.001171 0.000092 0.000045 0.000698 0.042342 0.000772 0.066804 0.002087 0.000166 0.006536 0.000088 0.000015 0.000255
0.052559 0.009417 0.617423 0.020828 0.003946 0.267046 0.000051 0.000000 0.000193 0.004300 0.000861 0.006910 0.000024 0.000008 0.001732 0.000276 0.000036 0.004107 0.000503 0.000153 0.009494 0.000013 0.000001 0.000119
0.027821 0.004790 0.954581 0.000536 0.000583 0.010374 0.000010 0.000000 0.000006 0.000473 0.000083 0.000334 0.000000 0.000000 0.000056 0.000009 0.000000 0.000220 0.000004 0.000003 0.000115 0.000000 0.000000 0.000001
0.000415 0.000036 0.027548 0.004895 0.001367 0.957214 0.000018 0.000000 0.000033 0.002303 0.000259 0.003301 0.000000 0.000000 0.000195 0.000021 0.000001 0.000983 0.000027 0.000001 0.001327 0.000004 0.000000 0.000049
0.001372 0.000059 0.028887 0.000002 0.000001 0.000034 0.046707 0.023588 0.876587 0.001888 0.002825 0.005638 0.000152 0.000001 0.009227 0.000001 0.000000 0.000118 0.000005 0.000092 0.001162 0.000349 0.000003 0.001304
0.154023 0.044975 0.776450 0.000765 0.000188 0.013282 0.000055 0.000003 0.000688 0.000195 0.000574 0.006269 0.000078 0.000004 0.000173 0.000015 0.000029 0.001841 0.000005 0.000015 0.000350 0.000004 0.000002 0.000015
0.003069 0.000253 0.047513 0.010886 0.010053 0.119408 0.000402 0.000196 0.002523 0.024187 0.004232 0.150966 0.000043 0.000082 0.001195 0.000509 0.000055 0.077539 0.001076 0.001668 0.532318 0.004739 0.000017 0.007070
0.000022 0.000001 0.000100 0.000304 0.000015 0.005782 0.000006 0.000002 0.000128 0.005798 0.010636 0.966429 0.000002 0.000014 0.000220 0.000009 0.000000 0.002942 0.000001 0.000013 0.004637 0.000164 0.000001 0.002774
0.003145 0.008793 0.001875 0.000692 0.000873 0.000664 0.000000 0.000000 0.000101 0.000004 0.000004 0.000053 0.000009 0.000371 0.000096 0.071670 0.067534 0.843901 0.000006 0.000019 0.000028 0.000010 0.000045 0.000106
0.001276 0.000226 0.609327 0.000335 0.000046 0.022082 0.000444 0.000006 0.001193 0.022280 0.000469 0.160808 0.000358 0.000374 0.094341 0.000059 0.000032 0.002904 0.000358 0.000201 0.082410 0.000103 0.000001 0.000366
0.002282 0.000191 0.002139 0.000006 0.000007 0.000003 0.000057 0.000477 0.003229 0.000190 0.000317 0.000121 0.083340 0.006799 0.873839 0.000588 0.001147 0.000806 0.000607 0.004775 0.017238 0.000267 0.000331 0.001244
0.004420 0.019531 0.969343 0.000080 0.000965 0.003587 0.000043 0.000000 0.000007 0.000034 0.000050 0.000410 0.000000 0.000002 0.000061 0.000066 0.000018 0.001288 0.000003 0.000002 0.000085 0.000001 0.000003 0.000001
0.045499 0.028906 0.413318 0.001811 0.004289 0.003221 0.000069 0.000003 0.001343 0.000177 0.000313 0.006796 0.006769 0.001595 0.075853 0.021734 0.011062 0.347776 0.001975 0.000279 0.025177 0.000179 0.000093 0.001764
0.000036 0.000019 0.003659 0.015045 0.008859 0.963681 0.000007 0.000000 0.000002 0.000542 0.000548 0.005553 0.000000 0.000001 0.000007 0.000074 0.000004 0.001721 0.000038 0.000001 0.000179 0.000010 0.000000 0.000015
0.017594 0.009874 0.960243 0.000554 0.001454 0.007909 0.000045 0.000000 0.000004 0.000348 0.000172 0.001112 0.000001 0.000000 0.000019 0.000078 0.000001 0.000538 0.000006 0.000001 0.000046 0.000001 0.000000 0.000000
0.000008 0.000001 0.000639 0.000010 0.000050 0.000630 0.003036 0.006039 0.063604 0.001278 0.218376 0.631267 0.000112 0.002505 0.016438 0.000008 0.000019 0.006212 0.000021 0.000266 0.002626 0.001378 0.000010 0.045466
0.000643 0.000224 0.017681 0.008653 0.009562 0.857509 0.000007 0.000000 0.000055 0.000401 0.001350 0.078640 0.000017 0.000058 0.000859 0.000136 0.000168 0.021521 0.000020 0.000004 0.002121 0.000032 0.000003 0.000334
0.201693 0.175261 0.512378 0.001131 0.000635 0.000388 0.000003 0.000000 0.000031 0.000116 0.000011 0.000152 0.000426 0.000364 0.000085 0.069778 0.009082 0.026680 0.000240 0.000052 0.001458 0.000004 0.000013 0.000017
0.009611 0.018090 0.012464 0.005951 0.005855 0.018255 0.000001 0.000001 0.001894 0.000771 0.000538 0.013646 0.003801 0.002859 0.004561 0.068541 0.180701 0.499807 0.004654 0.001144 0.132261 0.002994 0.000110 0.011488
0.238981 0.059082 0.579246 0.029574 0.003190 0.028976 0.000035 0.000000 0.000225 0.001371 0.000184 0.008194 0.000628 0.000524 0.001037 0.011613 0.003058 0.025106 0.001981 0.000319 0.006574 0.000024 0.000005 0.000072
0.000111 0.000015 0.000083 0.000355 0.000042 0.000025 0.000064 0.000146 0.001052 0.003564 0.000282 0.000087 0.003696 0.002143 0.016994 0.000383 0.001159 0.000399 0.381154 0.211415 0.370476 0.005131 0.000027 0.001198
0.000009 0.000001 0.000051 0.000001 0.000000 0.000009 0.007646 0.000161 0.984296 0.000185 0.000162 0.000172 0.000513 0.000087 0.001454 0.000000 0.000001 0.000003 0.000349 0.000343 0.004196 0.000201 0.000003 0.000156
0.200375 0.161823 0.550065 0.000650 0.000305 0.000313 0.001032 0.000033 0.012491 0.000136 0.000117 0.000302 0.038488 0.000263 0.004689 0.002119 0.001357 0.001444 0.001749 0.004239 0.017336 0.000041 0.000380 0.000251
0.562865 0.057823 0.308623 0.022954 0.000416 0.004478 0.000233 0.000000 0.001358 0.000158 0.000041 0.001985 0.001468 0.000104 0.001894 0.005938 0.000675 0.009095 0.008205 0.000505 0.011095 0.000013 0.000022 0.000051
0.664690 0.032959 0.282158 0.014482 0.000134 0.002140 0.000070 0.000001 0.000021 0.000445 0.000008 0.000099 0.000009 0.000001 0.000015 0.000412 0.000007 0.000169 0.000813 0.000103 0.001259 0.000003 0.000001 0.000000
0.002689 0.000071 0.001267 0.000085 0.000002 0.000098 0.005005 0.000082 0.990059 0.000007 0.000003 0.000032 0.000021 0.000003 0.000029 0.000001 0.000001 0.000015 0.000132 0.000151 0.000240 0.000004 0.000001 0.000003
0.007347 0.000822 0.019040 0.000277 0.000020 0.000568 0.021989 0.006501 0.865322 0.002559 0.000372 0.013562 0.006440 0.000235 0.022914 0.000290 0.000046 0.001511 0.001730 0.004742 0.018220 0.000150 0.000042 0.005300
0.003427 0.001022 0.002399 0.000258 0.000031 0.000255 0.000015 0.000022 0.000420 0.000286 0.000079 0.010829 0.016775 0.054403 0.871887 0.011171 0.003282 0.002655 0.001495 0.003858 0.013547 0.000012 0.000290 0.001583
0.013706 0.005567 0.152997 0.003869 0.003520 0.037282 0.000094 0.000000 0.000627 0.001354 0.000896 0.116500 0.001053 0.001221 0.016393 0.099393 0.002919 0.503455 0.002644 0.000266 0.033488 0.000047 0.000110 0.002598
0.000291 0.000008 0.000535 0.000149 0.000402 0.000661 0.000119 0.000236 0.000309 0.016912 0.010557 0.268913 0.000791 0.006083 0.005893 0.001969 0.000028 0.001974 0.007106 0.023878 0.644195 0.002529 0.000144 0.006318
0.000035 0.000002 0.000380 0.000027 0.000014 0.001197 0.041687 0.001872 0.877454 0.000413 0.003667 0.033212 0.001461 0.002636 0.006305 0.000004 0.000002 0.000124 0.000585 0.001015 0.025172 0.000522 0.000364 0.001851
0.177542 0.008203 0.466494 0.005584 0.000167 0.000582 0.009516 0.000662 0.002826 0.026636 0.000092 0.002154 0.017131 0.000012 0.000538 0.000143 0.000014 0.000045 0.032852 0.002949 0.245519 0.000256 0.000025 0.000058
0.004467 0.017056 0.936953 0.001139 0.000716 0.011719 0.000062 0.000001 0.000163 0.000432 0.000120 0.008328 0.000023 0.000003 0.001883 0.001256 0.000102 0.013980 0.000090 0.000006 0.001331 0.000004 0.000010 0.000156
0.000362 0.000070 0.000118 0.001044 0.001757 0.000231 0.000007 0.000759 0.000717 0.002615 0.002783 0.000732 0.284546 0.060320 0.584855 0.003279 0.014864 0.000285 0.006578 0.010372 0.012963 0.005761 0.001484 0.003498
0.331343 0.135912 0.526711 0.001530 0.000749 0.000315 0.000028 0.000001 0.000014 0.000024 0.000029 0.000118 0.000156 0.000031 0.000068 0.000522 0.000740 0.001130 0.000064 0.000060 0.000445 0.000001 0.000007 0.000002
0.000045 0.000288 0.007117 0.000170 0.002543 0.013771 0.000003 0.000001 0.000191 0.000060 0.001925 0.048941 0.000008 0.002698 0.001165 0.009503 0.006465 0.902531 0.000031 0.000005 0.000661 0.000119 0.000037 0.001722
0.066915 0.008354 0.228635 0.223467 0.020949 0.193570 0.000216 0.000004 0.000791 0.014996 0.001609 0.046705 0.003749 0.000982 0.002282 0.012069 0.001927 0.022714 0.067209 0.002998 0.076970 0.000722 0.000007 0.002159
0.000028 0.000013 0.002677 0.013785 0.005548 0.963644 0.000009 0.000000 0.000005 0.002356 0.000951 0.008606 0.000000 0.000000 0.000018 0.000048 0.000003 0.001351 0.000031 0.000001 0.000846 0.000037 0.000000 0.000042
0.000084 0.000014 0.004825 0.013973 0.002744 0.448336 0.000063 0.000001 0.000081 0.032239 0.001834 0.485939 0.000001 0.000003 0.000144 0.000073 0.000005 0.003455 0.000077 0.000010 0.005258 0.000435 0.000001 0.000406
0.008410 0.008936 0.937731 0.002944 0.003541 0.025861 0.000032 0.000000 0.000010 0.000098 0.000086 0.002241 0.000004 0.000005 0.000101 0.000804 0.000034 0.009083 0.000015 0.000001 0.000059 0.000002 0.000001 0.000003
0.000457 0.000058 0.002664 0.000091 0.000283 0.000095 0.000477 0.002542 0.019349 0.001089 0.008038 0.007019 0.114489 0.221160 0.602482 0.000348 0.001014 0.001541 0.000912 0.000486 0.004530 0.000741 0.000275 0.009860
0.000494 0.000127 0.071827 0.005794 0.003033 0.656184 0.000052 0.000013 0.000187 0.004937 0.004532 0.207547 0.000012 0.000209 0.001229 0.000095 0.000112 0.002640 0.000338 0.000108 0.040248 0.000130 0.000009 0.000142
0.396527 0.051613 0.211364 0.296933 0.005870 0.020569 0.000018 0.000001 0.000267 0.001315 0.000150 0.000959 0.000631 0.000045 0.000183 0.004085 0.000765 0.003894 0.002076 0.000267 0.002426 0.000025 0.000003 0.000012
0.007275 0.006232 0.981733 0.000405 0.000339 0.002429 0.000008 0.000000 0.000005 0.000056 0.000032 0.000265 0.000003 0.000001 0.000051 0.000212 0.000008 0.000904 0.000005 0.000001 0.000036 0.000000 0.000000 0.000001
0.001602 0.000069 0.001833 0.000033 0.000003 0.000028 0.002011 0.000036 0.994183 0.000001 0.000002 0.000009 0.000013 0.000004 0.000032 0.000002 0.000001 0.000101 0.000005 0.000005 0.000019 0.000002 0.000002 0.000004
0.007544 0.001027 0.045680 0.069783 0.006991 0.826184 0.000150 0.000001 0.000858 0.004735 0.000255 0.004325 0.000015 0.000008 0.000399 0.002454 0.000071 0.008753 0.001719 0.000048 0.018717 0.000109 0.000002 0.000171
0.730633 0.140112 0.110149 0.012446 0.003991 0.000955 0.000013 0.000002 0.000013 0.000606 0.000046 0.000034 0.000027 0.000002 0.000011 0.000641 0.000010 0.000197 0.000036 0.000008 0.000062 0.000002 0.000003 0.000000
0.042922 0.018394 0.046419 0.003028 0.015571 0.005992 0.000035 0.000024 0.009436 0.000689 0.000176 0.001473 0.039013 0.008896 0.491020 0.048097 0.014814 0.188352 0.005662 0.001396 0.049067 0.001566 0.000454 0.007506
0.043822 0.012223 0.929142 0.000253 0.001517 0.002368 0.000032 0.000000 0.000032 0.000066 0.000032 0.001251 0.000018 0.000047 0.001022 0.000759 0.000041 0.006301 0.000073 0.000027 0.000964 0.000002 0.000001 0.000008
0.000686 0.000023 0.004722 0.000026 0.000002 0.000051 0.000097 0.000003 0.000493 0.000134 0.000002 0.000077 0.000113 0.000013 0.000462 0.000096 0.000008 0.000892 0.014001 0.000668 0.977229 0.000175 0.000001 0.000024
0.252559 0.048530 0.412566 0.072897 0.014841 0.112683 0.000189 0.000001 0.000642 0.002562 0.001740 0.017268 0.001263 0.000295 0.004442 0.004111 0.000860 0.026310 0.002720 0.000794 0.022452 0.000040 0.000007 0.000231
0.802445 0.016232 0.066368 0.084824 0.018677 0.004295 0.000022 0.000001 0.000049 0.000317 0.000030 0.000053 0.000085 0.000027 0.000097 0.003090 0.000095 0.002000 0.000493 0.000123 0.000656 0.000015 0.000002 0.000003
0.186347 0.041280 0.032945 0.010785 0.003620 0.017011 0.000031 0.000010 0.004173 0.000831 0.000184 0.002132 0.214980 0.037501 0.268266 0.066935 0.015885 0.040571 0.026233 0.000296 0.025074 0.000520 0.000092 0.004298
0.000200 0.000027 0.000747 0.000016 0.000022 0.000017 0.000100 0.000733 0.006189 0.011357 0.001062 0.006795 0.000202 0.001387 0.022923 0.000156 0.000161 0.001271 0.003358 0.075173 0.850383 0.006190 0.000056 0.011475
0.150707 0.028751 0.494802 0.097232 0.003709 0.099161 0.000072 0.000004 0.001643 0.002152 0.000156 0.005227 0.000208 0.000108 0.003540 0.003101 0.002769 0.034049 0.007297 0.000734 0.063338 0.000117 0.000008 0.001116
0.360841 0.232378 0.334800 0.015031 0.039305 0.011459 0.000033 0.000004 0.000013 0.000440 0.000075 0.000156 0.000003 0.000005 0.000054 0.001093 0.000201 0.003834 0.000034 0.000021 0.000209 0.000007 0.000004 0.000001
0.001211 0.000077 0.008556 0.000064 0.000213 0.003996 0.115755 0.005339 0.862401 0.000082 0.000268 0.000827 0.000004 0.000005 0.000659 0.000001 0.000002 0.000144 0.000011 0.000022 0.000091 0.000067 0.000002 0.000204
0.012580 0.003671 0.009451 0.078320 0.050785 0.261192 0.000015 0.000012 0.000645 0.002139 0.000135 0.003790 0.000060 0.000098 0.000841 0.299666 0.008545 0.246451 0.001977 0.000027 0.005400 0.000490 0.000056 0.013654
0.000037 0.000006 0.000004 0.000045 0.000020 0.000057 0.000397 0.000192 0.998641 0.000000 0.000005 0.000005 0.000017 0.000010 0.000010 0.000007 0.000021 0.000087 0.000045 0.000030 0.000110 0.000042 0.000004 0.000209
0.290961 0.058713 0.480547 0.000360 0.000162 0.000415 0.000291 0.000198 0.002494 0.000030 0.000024 0.000928 0.002785 0.000320 0.013327 0.049019 0.002609 0.082633 0.003172 0.001949 0.007912 0.000008 0.000126 0.001017
0.065717 0.000756 0.006409 0.005317 0.000340 0.015419 0.000229 0.000006 0.000173 0.001920 0.000011 0.001276 0.000120 0.000212 0.000267 0.000833 0.000090 0.002990 0.184738 0.004312 0.708497 0.000241 0.000006 0.000122
0.047607 0.624945 0.200620 0.000269 0.000393 0.009371 0.000866 0.000478 0.015623 0.000547 0.013517 0.002136 0.000242 0.000100 0.005544 0.002959 0.000793 0.072467 0.000001 0.000099 0.000108 0.000016 0.000726 0.000573
0.265406 0.019615 0.047149 0.037809 0.002113 0.095575 0.000120 0.000006 0.013494 0.003645 0.004406 0.065456 0.020582 0.017133 0.008629 0.137259 0.006518 0.157184 0.004806 0.002559 0.086353 0.001106 0.000112 0.002967
0.085723 0.008476 0.016823 0.008923 0.001548 0.059876 0.000013 0.000005 0.003187 0.001309 0.002017 0.021834 0.004525 0.003226 0.019608 0.019780 0.003267 0.289803 0.015600 0.010208 0.412590 0.005144 0.000030 0.006483
0.096982 0.004724 0.015336 0.004057 0.001178 0.014645 0.000070 0.000005 0.000915 0.001561 0.000572 0.005803 0.010521 0.010600 0.010277 0.003048 0.001151 0.020143 0.053884 0.013021 0.728350 0.001966 0.000020 0.001171
0.000501 0.000117 0.028897 0.000908 0.000322 0.559499 0.000130 0.000001 0.000397 0.006022 0.000736 0.370250 0.000004 0.000013 0.000708 0.000034 0.000002 0.005015 0.000308 0.000149 0.025559 0.000155 0.000000 0.000273
0.346590 0.031912 0.518983 0.002660 0.000301 0.011270 0.000064 0.000000 0.000502 0.000262 0.000028 0.010610 0.002140 0.003124 0.030302 0.004050 0.000862 0.020428 0.002315 0.000723 0.012790 0.000008 0.000012 0.000066
0.007082 0.000350 0.000515 0.624503 0.011630 0.344893 0.000002 0.000000 0.000012 0.000260 0.000027 0.000092 0.000003 0.000012 0.000011 0.001941 0.000132 0.002890 0.003158 0.000131 0.002317 0.000029 0.000001 0.000009
0.001776 0.000026 0.000207 0.003280 0.000196 0.002432 0.000143 0.000033 0.002065 0.000186 0.000046 0.000419 0.000454 0.000175 0.001871 0.000104 0.000044 0.001614 0.046597 0.013629 0.921799 0.002403 0.000007 0.000491
0.000841 0.000225 0.015190 0.000120 0.000026 0.021785 0.000292 0.000012 0.003740 0.000222 0.003824 0.013808 0.001338 0.000341 0.923619 0.000215 0.000024 0.012531 0.000002 0.000003 0.000148 0.000003 0.000105 0.001585
0.150660 0.009931 0.018846 0.077130 0.105986 0.226687 0.000061 0.000008 0.001009 0.007683 0.001296 0.006186 0.010258 0.002017 0.011364 0.111206 0.004627 0.075521 0.040705 0.005221 0.119789 0.010016 0.000342 0.003451
0.182315 0.115881 0.692590 0.000169 0.000404 0.001242 0.000036 0.000000 0.000014 0.000034 0.000039 0.000342 0.000011 0.000007 0.000086 0.001086 0.000009 0.005697 0.000005 0.000002 0.000029 0.000000 0.000002 0.000001
0.032649 0.000423 0.010957 0.002298 0.000161 0.000617 0.000113 0.000023 0.000166 0.008786 0.000258 0.001542 0.003745 0.000861 0.000847 0.000362 0.000124 0.000634 0.392884 0.066092 0.473718 0.002669 0.000014 0.000057
0.028526 0.030227 0.570782 0.004783 0.001802 0.035283 0.000038 0.000000 0.000098 0.000110 0.000098 0.002124 0.000065 0.000075 0.000753 0.033026 0.001316 0.289574 0.000210 0.000016 0.001003 0.000006 0.000012 0.000074
0.000700 0.000034 0.001868 0.000066 0.000129 0.000396 0.006972 0.051049 0.858764 0.000789 0.003644 0.024510 0.000735 0.000250 0.012222 0.000023 0.000031 0.003592 0.000377 0.011706 0.009564 0.003414 0.000063 0.009102
0.000736 0.000015 0.000188 0.000011 0.000006 0.000009 0.008933 0.001230 0.982045 0.000210 0.000026 0.000879 0.002473 0.000014 0.001091 0.000001 0.000001 0.000016 0.000219 0.000137 0.001550 0.000142 0.000007 0.000061
0.001843 0.000267 0.016177 0.000012 0.000112 0.000153 0.093105 0.012698 0.861369 0.000641 0.000550 0.005232 0.001473 0.000031 0.002147 0.000009 0.000004 0.000045 0.000072 0.000396 0.002644 0.000821 0.000069 0.000128
0.000454 0.003582 0.018712 0.000190 0.001429 0.005247 0.000699 0.000013 0.002889 0.000076 0.000182 0.006203 0.001245 0.003823 0.677492 0.056636 0.022289 0.181340 0.000381 0.000998 0.003527 0.000368 0.001046 0.011181
0.847795 0.087763 0.047544 0.000593 0.000048 0.000084 0.000019 0.000000 0.000006 0.000014 0.000001 0.000051 0.000011 0.000005 0.000014 0.010992 0.000059 0.004878 0.000057 0.000004 0.000059 0.000001 0.000001 0.000001
0.002348 0.000154 0.167315 0.000082 0.000017 0.000579 0.022518 0.000100 0.002434 0.011252 0.001146 0.044877 0.000763 0.000235 0.003213 0.000382 0.000013 0.000695 0.025124 0.005122 0.710729 0.000310 0.000005 0.000588
0.074276 0.034618 0.776174 0.004133 0.000536 0.068988 0.000185 0.000000 0.000215 0.000674 0.000744 0.028117 0.000099 0.000018 0.002484 0.000304 0.000032 0.007021 0.000097 0.000068 0.001180 0.000003 0.000001 0.000032
0.000175 0.000007 0.000028 0.000005 0.000000 0.000005 0.000927 0.000033 0.998548 0.000000 0.000001 0.000011 0.000030 0.000001 0.000049 0.000000 0.000001 0.000013 0.000029 0.000065 0.000062 0.000004 0.000000 0.000006
0.048626 0.004853 0.018202 0.003289 0.000455 0.001940 0.002162 0.000440 0.023446 0.000185 0.000059 0.000624 0.152906 0.002447 0.249536 0.089422 0.027184 0.044503 0.246519 0.012179 0.060394 0.000414 0.000644 0.009574
0.000011 0.000003 0.000289 0.000002 0.000004 0.000139 0.057676 0.000487 0.936971 0.000002 0.000024 0.000188 0.000056 0.000002 0.003387 0.000001 0.000001 0.000080 0.000071 0.000012 0.000256 0.000011 0.000004 0.000323
0.025421 0.012484 0.928736 0.002409 0.000297 0.017383 0.000945 0.000048 0.002224 0.000466 0.000111 0.000906 0.000030 0.000001 0.000326 0.000035 0.000065 0.000232 0.000464 0.000182 0.007185 0.000022 0.000004 0.000020
0.005265 0.002537 0.004517 0.019869 0.007033 0.024933 0.000008 0.000451 0.002563 0.030754 0.009066 0.026998 0.010521 0.001259 0.047486 0.171424 0.005978 0.126282 0.075606 0.010464 0.349316 0.008120 0.000170 0.059379
0.076696 0.003397 0.821479 0.000220 0.000157 0.003645 0.000069 0.000008 0.000038 0.004201 0.000728 0.032878 0.000203 0.000060 0.054147 0.000043 0.000000 0.000210 0.000030 0.000019 0.001752 0.000004 0.000005 0.000013
0.005299 0.000008 0.000508 0.000158 0.000002 0.000068 0.001327 0.000253 0.989100 0.000007 0.000009 0.000040 0.000547 0.000173 0.001715 0.000001 0.000000 0.000051 0.000086 0.000090 0.000534 0.000009 0.000008 0.000005
0.005885 0.000124 0.005307 0.000855 0.000395 0.000301 0.029900 0.011810 0.935501 0.000417 0.000084 0.000349 0.000830 0.000081 0.003946 0.000091 0.000002 0.000499 0.000615 0.000341 0.002005 0.000307 0.000065 0.000290
0.005474 0.000722 0.032016 0.010459 0.000561 0.019901 0.000051 0.000015 0.000509 0.063362 0.003160 0.334740 0.000890 0.015269 0.366797 0.026488 0.003180 0.036616 0.004033 0.003016 0.034810 0.000198 0.000348 0.037385
0.005396 0.004275 0.018494 0.049159 0.042466 0.070436 0.000006 0.000001 0.000012 0.000135 0.000043 0.000130 0.000000 0.000005 0.000063 0.097524 0.002118 0.706779 0.001068 0.000032 0.001523 0.000039 0.000007 0.000289
0.000207 0.000089 0.010031 0.000212 0.000284 0.006832 0.000001 0.000000 0.000055 0.000051 0.000219 0.004775 0.000001 0.000002 0.002067 0.009800 0.000107 0.963195 0.000005 0.000000 0.000421 0.000012 0.000007 0.001629
0.138595 0.002308 0.114125 0.559902 0.013961 0.023456 0.001277 0.000100 0.009462 0.052241 0.001740 0.003014 0.001761 0.000012 0.001901 0.009524 0.000027 0.002452 0.036480 0.000656 0.024630 0.001390 0.000006 0.000980
0.035129 0.027845 0.873103 0.000211 0.000073 0.000193 0.000004 0.000001 0.000148 0.000031 0.000082 0.000336 0.000086 0.000010 0.001146 0.006441 0.000063 0.054997 0.000013 0.000003 0.000065 0.000000 0.000003 0.000016
0.000455 0.000015 0.007796 0.000004 0.000008 0.000028 0.060224 0.001930 0.927116 0.000012 0.000026 0.000146 0.000034 0.000001 0.001756 0.000002 0.000001 0.000186 0.000027 0.000015 0.000123 0.000010 0.000001 0.000083
0.000018 0.000016 0.003041 0.000007 0.000013 0.000381 0.001401 0.006986 0.011149 0.000438 0.004475 0.072726 0.000064 0.000089 0.316861 0.000988 0.000158 0.029838 0.000133 0.000268 0.012003 0.000187 0.000066 0.538694
0.000033 0.000038 0.001103 0.007567 0.000517 0.989485 0.000001 0.000000 0.000003 0.000126 0.000030 0.000442 0.000000 0.000000 0.000024 0.000057 0.000007 0.000480 0.000020 0.000000 0.000050 0.000001 0.000000 0.000017
0.004732 0.004141 0.000951 0.001629 0.003469 0.004673 0.000001 0.000061 0.001169 0.000062 0.000996 0.009605 0.004065 0.134905 0.218113 0.228027 0.086987 0.284252 0.000051 0.000232 0.000409 0.000112 0.003624 0.007734
0.199933 0.181793 0.473894 0.000062 0.000342 0.002192 0.000005 0.000001 0.000068 0.000018 0.000133 0.001707 0.000011 0.000062 0.000667 0.002305 0.000528 0.136068 0.000010 0.000009 0.000153 0.000002 0.000007 0.000030
0.014414 0.000088 0.000539 0.063588 0.001660 0.020266 0.000041 0.000010 0.000354 0.012925 0.000505 0.002504 0.004640 0.003479 0.006692 0.001597 0.000663 0.002187 0.611328 0.004709 0.239462 0.007595 0.000018 0.000732
0.004278 0.000087 0.003223 0.005120 0.000075 0.002182 0.000059 0.000002 0.000088 0.000132 0.000005 0.000063 0.000661 0.000053 0.000091 0.000057 0.000029 0.000160 0.787280 0.002482 0.193815 0.000035 0.000000 0.000022
0.272620 0.008637 0.039543 0.578705 0.005032 0.092671 0.000005 0.000001 0.000006 0.000623 0.000077 0.000129 0.000005 0.000001 0.000011 0.000188 0.000048 0.000269 0.000615 0.000120 0.000684 0.000007 0.000001 0.000001
0.613248 0.236505 0.144063 0.002567 0.000084 0.000375 0.000001 0.000000 0.000007 0.000030 0.000001 0.000013 0.000170 0.000068 0.000081 0.001790 0.000222 0.000692 0.000034 0.000004 0.000040 0.000000 0.000003 0.000000
0.296786 0.108677 0.580279 0.004530 0.000475 0.003596 0.000013 0.000000 0.000091 0.000306 0.000077 0.001083 0.000259 0.000080 0.000299 0.000728 0.000262 0.001293 0.000197 0.000175 0.000782 0.000004 0.000002 0.000007
0.004306 0.004095 0.926219 0.000032 0.000068 0.004358 0.000029 0.000000 0.000170 0.000045 0.000054 0.004436 0.000080 0.000073 0.053452 0.000027 0.000016 0.002242 0.000009 0.000004 0.000268 0.000002 0.000001 0.000015
0.001508 0.003126 0.001255 0.085655 0.008328 0.073337 0.000007 0.000080 0.001723 0.003899 0.003677 0.000443 0.000129 0.001706 0.001720 0.142703 0.537576 0.103561 0.007581 0.005832 0.007962 0.003948 0.000120 0.004124
0.672095 0.005055 0.011275 0.281509 0.008697 0.016034 0.000017 0.000000 0.000006 0.000081 0.000011 0.000022 0.000013 0.000032 0.000020 0.001286 0.000089 0.000782 0.002443 0.000087 0.000429 0.000015 0.000001 0.000000
0.002280 0.000743 0.948931 0.000169 0.000022 0.009991 0.000500 0.000001 0.000070 0.005194 0.000132 0.031059 0.000001 0.000000 0.000109 0.000006 0.000000 0.000241 0.000035 0.000014 0.000490 0.000006 0.000000 0.000006
0.000918 0.002387 0.179263 0.004950 0.004568 0.697249 0.000017 0.000000 0.000026 0.000083 0.000152 0.005512 0.000001 0.000033 0.000832 0.001355 0.000149 0.102221 0.000020 0.000001 0.000225 0.000007 0.000001 0.000029
0.242503 0.052754 0.177265 0.259591 0.145501 0.102107 0.000035 0.000001 0.000013 0.000425 0.000140 0.000649 0.000008 0.000043 0.000049 0.006372 0.000288 0.011737 0.000252 0.000052 0.000176 0.000032 0.000005 0.000002
0.033645 0.020008 0.297306 0.031650 0.004271 0.120961 0.000116 0.000000 0.001337 0.000895 0.000408 0.027720 0.000600 0.002901 0.009229 0.043095 0.015692 0.349892 0.009564 0.000575 0.029164 0.000109 0.000014 0.000850
