0.000852 0.000039 0.000070 0.000349 0.000061 0.000213 0.005145 0.013992 0.967750 0.000083 0.000167 0.000096 0.003248 0.000405 0.000319 0.000038 0.000059 0.000264 0.001322 0.001594 0.001422 0.000306 0.000364 0.001843
0.058648 0.022572 0.857658 0.003632 0.000546 0.015625 0.005694 0.000124 0.013220 0.000371 0.001062 0.009806 0.002251 0.000024 0.001529 0.000038 0.000155 0.002076 0.000347 0.000176 0.003973 0.000012 0.000082 0.000378
0.002379 0.009763 0.012626 0.005984 0.068190 0.028735 0.000010 0.000006 0.000072 0.000125 0.000048 0.000193 0.000006 0.000013 0.000060 0.101547 0.002628 0.767109 0.000045 0.000004 0.000138 0.000031 0.000047 0.000239
0.000919 0.000344 0.011476 0.015478 0.045844 0.672496 0.000007 0.000000 0.000137 0.002455 0.007033 0.192363 0.000053 0.000134 0.004805 0.000349 0.000280 0.038803 0.000048 0.000012 0.004371 0.000238 0.000015 0.002340
0.042519 0.002160 0.937596 0.000161 0.000042 0.000756 0.000036 0.000000 0.000227 0.001030 0.000090 0.011113 0.000139 0.000008 0.000504 0.000047 0.000005 0.000337 0.000049 0.000079 0.003089 0.000005 0.000000 0.000008
0.000426 0.000045 0.009495 0.045323 0.003106 0.936584 0.000006 0.000000 0.000012 0.001029 0.000224 0.001147 0.000000 0.000000 0.000046 0.000100 0.000002 0.001504 0.000080 0.000002 0.000845 0.000007 0.000000 0.000018
0.842469 0.006536 0.147836 0.000419 0.000334 0.000045 0.000306 0.000004 0.000205 0.000197 0.000005 0.000019 0.000407 0.000010 0.000057 0.000180 0.000003 0.000062 0.000277 0.000046 0.000577 0.000007 0.000000 0.000000
0.044448 0.008469 0.139853 0.000583 0.003173 0.000690 0.000058 0.000022 0.003551 0.000759 0.000114 0.000532 0.012961 0.002907 0.141441 0.153302 0.002139 0.395190 0.042565 0.002815 0.039358 0.000257 0.000043 0.004771
0.012086 0.004238 0.526908 0.005293 0.005991 0.211420 0.000361 0.000000 0.000951 0.002548 0.001697 0.126698 0.000269 0.000354 0.061734 0.000478 0.000086 0.022721 0.002152 0.000129 0.013099 0.000060 0.000001 0.000727
0.002772 0.000577 0.994366 0.000002 0.000006 0.000151 0.000005 0.000000 0.000012 0.000024 0.000006 0.001046 0.000000 0.000000 0.000345 0.000005 0.000000 0.000661 0.000000 0.000000 0.000019 0.000000 0.000000 0.000000
0.000514 0.000022 0.002236 0.000001 0.000001 0.000015 0.001182 0.000016 0.995682 0.000000 0.000001 0.000020 0.000002 0.000002 0.000185 0.000000 0.000000 0.000100 0.000001 0.000002 0.000015 0.000001 0.000000 0.000001
0.000075 0.000019 0.001022 0.019306 0.002688 0.971592 0.000037 0.000000 0.000049 0.001619 0.000267 0.001931 0.000000 0.000000 0.000017 0.000056 0.000001 0.000992 0.000016 0.000000 0.000250 0.000018 0.000000 0.000042
0.236512 0.040368 0.688305 0.002193 0.000316 0.000825 0.000030 0.000001 0.000406 0.000769 0.000020 0.002024 0.000192 0.000216 0.001550 0.013800 0.000366 0.009820 0.000406 0.000042 0.001802 0.000005 0.000005 0.000029
0.091982 0.031407 0.798243 0.004854 0.003378 0.002056 0.000057 0.000004 0.001218 0.000390 0.000143 0.000863 0.002500 0.000448 0.035897 0.004533 0.002272 0.016131 0.000441 0.000420 0.002577 0.000016 0.000019 0.000149
0.002442 0.000114 0.001267 0.723646 0.027818 0.234759 0.000004 0.000000 0.000017 0.001231 0.000076 0.000128 0.000004 0.000009 0.000023 0.000804 0.000095 0.002565 0.002345 0.000052 0.002502 0.000084 0.000001 0.000013
0.203149 0.000887 0.625366 0.000366 0.000025 0.000065 0.002050 0.000022 0.001162 0.005483 0.000018 0.000463 0.000896 0.000031 0.000284 0.000034 0.000003 0.000111 0.006640 0.004265 0.148555 0.000123 0.000000 0.000003
0.007643 0.002412 0.136173 0.008193 0.001194 0.062142 0.000018 0.000000 0.001907 0.001577 0.001577 0.055871 0.000462 0.001580 0.044020 0.012050 0.004778 0.580100 0.001151 0.000345 0.074734 0.000169 0.000014 0.001888
0.000054 0.000004 0.000067 0.000051 0.000003 0.000028 0.000005 0.000017 0.003719 0.000259 0.000085 0.000080 0.000913 0.000067 0.009283 0.000004 0.000071 0.000063 0.012294 0.048588 0.921322 0.002841 0.000006 0.000178
0.000925 0.000261 0.037593 0.045209 0.001031 0.879820 0.000007 0.000000 0.000124 0.000923 0.001073 0.016054 0.000015 0.000010 0.001157 0.000059 0.000051 0.009929 0.000163 0.000040 0.005298 0.000037 0.000001 0.000222
0.189882 0.018395 0.488322 0.022831 0.001264 0.005632 0.000009 0.000001 0.001073 0.000573 0.000081 0.002170 0.000842 0.000619 0.005049 0.052681 0.009471 0.184557 0.001780 0.000303 0.014045 0.000024 0.000014 0.000382
0.002130 0.000264 0.701926 0.000252 0.000041 0.004785 0.000061 0.000007 0.000083 0.034112 0.001726 0.249270 0.000004 0.000002 0.001101 0.000003 0.000000 0.000119 0.000010 0.000053 0.003992 0.000012 0.000000 0.000047
0.006905 0.003100 0.038413 0.000578 0.000694 0.000557 0.000007 0.000003 0.001084 0.000179 0.000046 0.000398 0.002880 0.003964 0.016390 0.228700 0.020350 0.631495 0.016746 0.003358 0.016768 0.000232 0.000011 0.007140
0.408179 0.074872 0.446365 0.051736 0.008465 0.001406 0.000091 0.000002 0.000231 0.000447 0.000116 0.000298 0.000439 0.000155 0.000290 0.002276 0.000142 0.001087 0.001758 0.000488 0.001135 0.000020 0.000003 0.000003
0.000057 0.000030 0.015359 0.016293 0.001506 0.722617 0.000210 0.000002 0.000130 0.101351 0.005902 0.111247 0.000002 0.000002 0.000187 0.000128 0.000006 0.002141 0.001630 0.000022 0.019814 0.000999 0.000000 0.000365
0.791362 0.003550 0.192205 0.007073 0.000210 0.000149 0.000140 0.000002 0.000019 0.000678 0.000005 0.000016 0.000124 0.000005 0.000046 0.000079 0.000001 0.000039 0.003060 0.000176 0.001048 0.000013 0.000000 0.000000
0.000020 0.000016 0.009345 0.000038 0.000081 0.000736 0.000231 0.000359 0.003424 0.080435 0.180384 0.327147 0.000252 0.000287 0.300499 0.000107 0.000028 0.007999 0.000531 0.001945 0.050067 0.001889 0.000012 0.034169
0.014009 0.013869 0.914292 0.001657 0.000687 0.019120 0.000011 0.000000 0.000017 0.000165 0.000558 0.004209 0.000008 0.000009 0.000215 0.001387 0.000070 0.029530 0.000001 0.000000 0.000166 0.000003 0.000005 0.000012
0.010551 0.000147 0.042649 0.008622 0.001154 0.014060 0.000078 0.000003 0.000185 0.012038 0.000305 0.010326 0.001660 0.002537 0.000584 0.001878 0.000398 0.003475 0.144468 0.003589 0.740079 0.000975 0.000002 0.000236
0.000543 0.001013 0.009127 0.002654 0.011046 0.051344 0.000005 0.000000 0.000077 0.000048 0.000975 0.001684 0.000011 0.000075 0.000283 0.009794 0.002482 0.907768 0.000045 0.000005 0.000567 0.000041 0.000004 0.000410
0.156443 0.015353 0.425163 0.001338 0.000839 0.000612 0.000572 0.000026 0.002476 0.004990 0.000711 0.006021 0.282711 0.008787 0.040390 0.001376 0.001388 0.001203 0.007848 0.008822 0.032456 0.000331 0.000019 0.000123
0.036832 0.038444 0.097254 0.011699 0.006050 0.002316 0.000008 0.000000 0.000184 0.000140 0.000041 0.000232 0.000455 0.000344 0.000466 0.192812 0.040130 0.570866 0.000509 0.000032 0.000889 0.000014 0.000022 0.000261
0.003963 0.001204 0.988655 0.000090 0.000221 0.002432 0.000018 0.000000 0.000022 0.000030 0.000029 0.000369 0.000003 0.000001 0.000273 0.000036 0.000003 0.002083 0.000010 0.000002 0.000553 0.000000 0.000000 0.000004
0.000581 0.002284 0.004092 0.007792 0.020149 0.010143 0.000001 0.000000 0.000011 0.000013 0.000016 0.000081 0.000003 0.000052 0.000023 0.084002 0.015872 0.854524 0.000080 0.000004 0.000145 0.000014 0.000004 0.000114
0.000055 0.000013 0.008287 0.000025 0.000016 0.000113 0.001017 0.001353 0.053152 0.009908 0.044156 0.202824 0.023461 0.000753 0.421846 0.000084 0.000016 0.003556 0.000848 0.004595 0.170560 0.007522 0.000069 0.045773
0.008234 0.019883 0.946729 0.000908 0.000945 0.020170 0.000005 0.000000 0.000010 0.000266 0.000307 0.001678 0.000009 0.000001 0.000100 0.000012 0.000008 0.000377 0.000005 0.000007 0.000343 0.000001 0.000000 0.000002
0.006337 0.000148 0.006414 0.045397 0.000911 0.051133 0.000011 0.000076 0.001155 0.011952 0.007382 0.192273 0.016801 0.025228 0.058708 0.006675 0.003079 0.024693 0.051905 0.002656 0.466468 0.007552 0.000059 0.012986
0.000922 0.000877 0.987135 0.000105 0.000031 0.003653 0.000017 0.000000 0.000063 0.000273 0.000071 0.003732 0.000002 0.000001 0.000381 0.000043 0.000002 0.002633 0.000003 0.000000 0.000053 0.000000 0.000000 0.000005
0.000812 0.000499 0.004516 0.013058 0.009886 0.088267 0.000003 0.000001 0.000037 0.000071 0.000112 0.001501 0.000394 0.004698 0.021335 0.047195 0.011139 0.794642 0.000267 0.000002 0.000818 0.000115 0.000132 0.000500
0.245773 0.019413 0.729729 0.000936 0.000221 0.000169 0.000004 0.000000 0.000009 0.000230 0.000014 0.000179 0.000052 0.000019 0.000035 0.002046 0.000046 0.000906 0.000075 0.000016 0.000126 0.000001 0.000000 0.000001
0.000243 0.001427 0.005121 0.012563 0.045674 0.537510 0.000009 0.000000 0.000107 0.000512 0.006651 0.006194 0.000134 0.000354 0.008150 0.023013 0.003766 0.342250 0.000469 0.000003 0.001766 0.000615 0.000012 0.003457
0.051503 0.004796 0.936037 0.000078 0.000111 0.000063 0.000012 0.000000 0.000045 0.000055 0.000011 0.000487 0.000114 0.000073 0.000860 0.001404 0.000044 0.003331 0.000192 0.000048 0.000726 0.000002 0.000000 0.000008
0.245040 0.003301 0.284626 0.407716 0.005250 0.023545 0.000694 0.000011 0.000461 0.016022 0.000206 0.000803 0.000023 0.000002 0.000066 0.001163 0.000011 0.001485 0.005456 0.000138 0.003893 0.000080 0.000000 0.000006
0.695859 0.004446 0.290975 0.000293 0.000013 0.000014 0.000079 0.000001 0.000041 0.000138 0.000002 0.000033 0.004065 0.000270 0.000369 0.000633 0.000011 0.000281 0.001986 0.000025 0.000464 0.000001 0.000001 0.000001
0.001093 0.000216 0.014649 0.250582 0.017785 0.705521 0.000012 0.000000 0.000017 0.001396 0.000368 0.001282 0.000002 0.000004 0.000034 0.000546 0.000036 0.003083 0.001448 0.000035 0.001857 0.000019 0.000000 0.000014
0.488234 0.009401 0.489486 0.000772 0.000138 0.000080 0.000066 0.000001 0.000099 0.000410 0.000028 0.000498 0.001095 0.000059 0.000328 0.000285 0.000025 0.000510 0.003107 0.000692 0.004669 0.000009 0.000000 0.000007
0.326075 0.015831 0.088019 0.365557 0.012513 0.020603 0.000101 0.000001 0.000953 0.001798 0.000335 0.003452 0.001588 0.000413 0.001248 0.015137 0.002886 0.073801 0.037540 0.001385 0.030437 0.000131 0.000007 0.000193
0.000767 0.000102 0.226335 0.000988 0.000295 0.018736 0.018570 0.000039 0.001267 0.492201 0.004207 0.138383 0.000059 0.000016 0.000674 0.000039 0.000002 0.000551 0.008869 0.000531 0.086729 0.000473 0.000000 0.000167
0.806346 0.003749 0.159230 0.017186 0.000114 0.000462 0.000094 0.000002 0.000058 0.001097 0.000009 0.000101 0.000126 0.000004 0.000057 0.000042 0.000002 0.000067 0.005955 0.000784 0.004501 0.000011 0.000000 0.000001
0.000324 0.000076 0.011947 0.025446 0.004932 0.822408 0.000013 0.000000 0.000098 0.030988 0.002662 0.086865 0.000002 0.000008 0.001280 0.000066 0.000013 0.009634 0.000073 0.000013 0.002388 0.000382 0.000001 0.000381
0.563014 0.018940 0.415325 0.000389 0.000215 0.000185 0.000017 0.000000 0.000037 0.000125 0.000021 0.000273 0.000160 0.000021 0.000199 0.000040 0.000007 0.000257 0.000050 0.000043 0.000673 0.000007 0.000000 0.000001
0.005831 0.000507 0.004317 0.078145 0.009439 0.036856 0.000033 0.000005 0.000569 0.061185 0.000769 0.005008 0.000484 0.000937 0.001050 0.009153 0.001303 0.013845 0.358560 0.007348 0.385600 0.018297 0.000004 0.000757
0.000046 0.000058 0.000032 0.000545 0.000910 0.001119 0.000009 0.000037 0.000378 0.004102 0.091578 0.032513 0.000871 0.622733 0.042957 0.018062 0.011670 0.136139 0.000085 0.000545 0.000624 0.001143 0.000490 0.033355
0.132818 0.052337 0.799278 0.000621 0.000958 0.003215 0.000083 0.000002 0.000052 0.001111 0.001346 0.005108 0.000129 0.000131 0.001740 0.000154 0.000033 0.000697 0.000019 0.000018 0.000139 0.000005 0.000006 0.000004
0.000101 0.000012 0.015849 0.005612 0.003994 0.721221 0.001752 0.000004 0.000306 0.011167 0.001184 0.223297 0.000004 0.000005 0.000260 0.000133 0.000001 0.002158 0.000655 0.000009 0.011855 0.000210 0.000000 0.000212
0.007151 0.000603 0.374282 0.001082 0.001076 0.036946 0.000126 0.000000 0.000207 0.000646 0.000542 0.017809 0.002328 0.000349 0.548752 0.000049 0.000002 0.005486 0.000066 0.000007 0.002396 0.000012 0.000003 0.000079
0.003762 0.006182 0.003850 0.000149 0.000604 0.000043 0.000001 0.000000 0.000005 0.000048 0.000016 0.000015 0.000016 0.000070 0.000026 0.585739 0.009059 0.390285 0.000028 0.000013 0.000022 0.000009 0.000008 0.000052
0.000146 0.000050 0.005079 0.037534 0.017980 0.916654 0.000007 0.000000 0.000022 0.001040 0.002385 0.002937 0.000001 0.000007 0.000159 0.000176 0.000018 0.014330 0.000177 0.000046 0.001077 0.000057 0.000001 0.000117
0.000708 0.000298 0.000420 0.000718 0.000802 0.000199 0.000000 0.000000 0.000025 0.000027 0.000017 0.000087 0.000027 0.000217 0.000084 0.338173 0.010445 0.646745 0.000232 0.000033 0.000338 0.000070 0.000006 0.000328
0.285812 0.007226 0.007492 0.595483 0.074160 0.012312 0.000014 0.000000 0.000018 0.000232 0.000033 0.000056 0.000045 0.000124 0.000019 0.006937 0.000410 0.007103 0.001454 0.000200 0.000837 0.000029 0.000004 0.000001
0.037432 0.019731 0.036892 0.000457 0.003476 0.000120 0.000221 0.000016 0.005955 0.000153 0.000193 0.000215 0.070665 0.040038 0.023456 0.043990 0.046755 0.350060 0.149757 0.067586 0.097338 0.001121 0.000135 0.004240
0.242456 0.030367 0.690683 0.007318 0.000757 0.003307 0.000048 0.000000 0.000287 0.000513 0.000121 0.002368 0.000235 0.000185 0.000801 0.001776 0.000356 0.015702 0.000340 0.000172 0.002194 0.000004 0.000001 0.000009
0.001020 0.000085 0.022695 0.005359 0.002838 0.257972 0.000041 0.000002 0.000666 0.006810 0.006815 0.359019 0.000083 0.000327 0.125030 0.000520 0.000069 0.181980 0.000957 0.000103 0.018666 0.001526 0.000009 0.007408
0.001565 0.000113 0.120285 0.001082 0.000261 0.083870 0.000330 0.000001 0.002410 0.029613 0.001164 0.220033 0.000280 0.000310 0.006671 0.000260 0.000019 0.014144 0.006888 0.000452 0.508676 0.001277 0.000001 0.000295
0.000025 0.000000 0.000023 0.000001 0.000000 0.000005 0.003571 0.000049 0.994252 0.000009 0.000022 0.000064 0.000005 0.000002 0.000050 0.000000 0.000000 0.000059 0.000036 0.000227 0.001449 0.000135 0.000000 0.000013
0.000065 0.000581 0.000136 0.000038 0.000515 0.000412 0.000000 0.000000 0.000107 0.000001 0.000024 0.000013 0.000001 0.000107 0.001482 0.016850 0.021647 0.957707 0.000002 0.000004 0.000007 0.000007 0.000039 0.000255
0.123671 0.006317 0.015655 0.078282 0.010430 0.062452 0.000011 0.000001 0.002081 0.001626 0.002479 0.004524 0.002040 0.003242 0.002945 0.156326 0.013383 0.472878 0.014454 0.004686 0.017767 0.000508 0.000024 0.004220
0.000675 0.000310 0.000398 0.000189 0.000384 0.000306 0.000000 0.000000 0.000003 0.000002 0.000002 0.000010 0.000001 0.000009 0.000066 0.044948 0.000537 0.952042 0.000009 0.000001 0.000013 0.000002 0.000001 0.000094
0.258197 0.004719 0.241025 0.187768 0.003168 0.028160 0.001217 0.000008 0.001455 0.104277 0.000287 0.001254 0.000754 0.000084 0.000296 0.004444 0.000071 0.003806 0.110579 0.004052 0.043800 0.000524 0.000003 0.000052
0.001564 0.000053 0.002117 0.000568 0.000030 0.000382 0.000038 0.000008 0.001181 0.013829 0.000475 0.005062 0.009322 0.001167 0.019290 0.001106 0.000102 0.009467 0.301418 0.020192 0.594900 0.009563 0.000007 0.008159
0.000166 0.000003 0.000740 0.000144 0.000010 0.003995 0.000309 0.000017 0.000959 0.002553 0.000989 0.006530 0.002576 0.000497 0.046952 0.000012 0.000005 0.000141 0.017567 0.001950 0.911144 0.001183 0.000009 0.001548
0.002488 0.000153 0.045590 0.024575 0.000285 0.886219 0.000019 0.000000 0.000448 0.002146 0.000792 0.013057 0.000020 0.000006 0.002454 0.000113 0.000017 0.011684 0.000246 0.000019 0.009233 0.000034 0.000001 0.000399
0.000146 0.000003 0.003299 0.008721 0.000159 0.622846 0.000007 0.000000 0.000220 0.003901 0.000469 0.349182 0.000001 0.000001 0.000392 0.000009 0.000001 0.002813 0.000017 0.000005 0.007287 0.000081 0.000000 0.000439
0.079389 0.002019 0.008970 0.688692 0.042457 0.100381 0.000009 0.000000 0.000363 0.000195 0.000048 0.000219 0.000112 0.000071 0.000165 0.024184 0.003816 0.047801 0.000706 0.000039 0.000163 0.000030 0.000006 0.000165
0.107201 0.007441 0.003484 0.381415 0.014541 0.022865 0.000003 0.000000 0.000294 0.000070 0.000009 0.000048 0.017107 0.006299 0.003682 0.265920 0.021523 0.136074 0.011047 0.000017 0.000248 0.000024 0.000189 0.000499
0.001752 0.000647 0.625621 0.005278 0.000583 0.334628 0.000152 0.000000 0.000096 0.013066 0.000586 0.013300 0.000001 0.000000 0.000189 0.000131 0.000002 0.003157 0.000128 0.000003 0.000642 0.000005 0.000000 0.000034
0.036931 0.000433 0.040197 0.325109 0.020843 0.341789 0.000639 0.000001 0.000359 0.009752 0.000108 0.003049 0.000108 0.000193 0.001125 0.001768 0.000104 0.006421 0.139609 0.002012 0.068919 0.000405 0.000001 0.000125
0.000428 0.000071 0.000171 0.000033 0.000053 0.000083 0.000007 0.000002 0.001037 0.000006 0.000037 0.000092 0.002926 0.014447 0.927478 0.005850 0.003818 0.040857 0.000225 0.000204 0.000535 0.000144 0.000078 0.001418
0.006078 0.000101 0.000955 0.000043 0.000103 0.000046 0.000023 0.000002 0.000405 0.000159 0.000009 0.000133 0.008931 0.006783 0.940931 0.007592 0.000274 0.012723 0.002149 0.000012 0.009672 0.000434 0.000062 0.002379
0.000189 0.000211 0.000152 0.000169 0.000355 0.000063 0.000032 0.000181 0.001316 0.002693 0.000138 0.000204 0.000244 0.046667 0.007307 0.005879 0.030478 0.003673 0.223706 0.433527 0.223069 0.015918 0.000234 0.003592
0.308081 0.048809 0.533277 0.004634 0.000528 0.000953 0.000256 0.000003 0.004488 0.000646 0.000284 0.007266 0.002337 0.006551 0.003288 0.003760 0.002750 0.016336 0.006183 0.037981 0.011220 0.000045 0.000126 0.000197
0.198162 0.019918 0.318841 0.089793 0.018414 0.029220 0.001007 0.000006 0.002063 0.002702 0.000214 0.003166 0.004176 0.000193 0.017356 0.004955 0.000399 0.022152 0.188774 0.002863 0.069748 0.000574 0.000012 0.005291
0.088798 0.020158 0.480541 0.001141 0.001242 0.002752 0.000051 0.000000 0.001179 0.000166 0.000137 0.011984 0.001719 0.001636 0.035916 0.023832 0.001921 0.297030 0.001962 0.000262 0.026441 0.000056 0.000019 0.001058
0.012475 0.004902 0.976514 0.000014 0.000056 0.000230 0.000014 0.000000 0.000012 0.000013 0.000025 0.000907 0.000017 0.000012 0.000477 0.000168 0.000010 0.004012 0.000009 0.000003 0.000127 0.000000 0.000001 0.000006
0.183008 0.310532 0.498200 0.001603 0.000942 0.000746 0.000018 0.000002 0.000024 0.000021 0.000053 0.000025 0.000339 0.000004 0.000179 0.000788 0.000484 0.002767 0.000028 0.000015 0.000205 0.000002 0.000011 0.000004
0.001302 0.000251 0.565581 0.000012 0.000015 0.000260 0.158022 0.001556 0.132495 0.001580 0.003270 0.023970 0.007255 0.000392 0.011794 0.000015 0.000023 0.000425 0.002816 0.002430 0.085242 0.000318 0.000012 0.000965
0.000688 0.000411 0.005795 0.008787 0.012559 0.606548 0.000013 0.000004 0.000512 0.001776 0.008742 0.015692 0.000075 0.000038 0.049287 0.013979 0.000869 0.243794 0.000021 0.000003 0.004673 0.000214 0.000128 0.025391
0.054646 0.001010 0.017079 0.237593 0.010538 0.418799 0.000004 0.000001 0.000424 0.022905 0.004627 0.111042 0.000412 0.000536 0.004603 0.007710 0.001915 0.052123 0.001712 0.000899 0.041270 0.002102 0.000062 0.007990
0.000023 0.000001 0.000748 0.000004 0.000010 0.000650 0.000370 0.000041 0.001202 0.014961 0.003375 0.968458 0.000008 0.000004 0.000127 0.000001 0.000000 0.000127 0.000009 0.000020 0.007745 0.000594 0.000000 0.001521
0.001246 0.000422 0.003390 0.006093 0.000978 0.012217 0.000002 0.000003 0.000688 0.001965 0.000392 0.007540 0.000212 0.000889 0.004791 0.188715 0.051616 0.410131 0.040670 0.005254 0.174430 0.007221 0.000072 0.081063
0.000217 0.000005 0.001049 0.010318 0.001377 0.924053 0.000006 0.000000 0.000008 0.004658 0.000920 0.053156 0.000003 0.000024 0.001724 0.000032 0.000005 0.000624 0.000057 0.000001 0.001553 0.000035 0.000002 0.000172
0.050107 0.014963 0.019330 0.004447 0.006651 0.016716 0.000001 0.000000 0.001232 0.000817 0.000176 0.012953 0.001014 0.001701 0.005810 0.084284 0.075810 0.635911 0.004763 0.001169 0.055008 0.001172 0.000101 0.005864
0.077936 0.002403 0.881836 0.000216 0.000037 0.002546 0.000100 0.000001 0.000038 0.001704 0.000047 0.001717 0.000016 0.000008 0.000705 0.000046 0.000002 0.000175 0.000369 0.000085 0.029996 0.000010 0.000001 0.000003
0.038196 0.012344 0.752639 0.001959 0.000511 0.036663 0.000072 0.000000 0.000411 0.000361 0.000301 0.019039 0.000068 0.000124 0.009853 0.001783 0.000675 0.113439 0.000360 0.000045 0.010940 0.000008 0.000006 0.000201
0.028343 0.009186 0.927499 0.000805 0.000926 0.014908 0.000060 0.000000 0.000030 0.000375 0.000699 0.014045 0.000028 0.000007 0.001065 0.000027 0.000007 0.001406 0.000031 0.000021 0.000510 0.000003 0.000000 0.000018
0.338659 0.006927 0.167432 0.014717 0.001988 0.006261 0.001259 0.000097 0.005138 0.007037 0.000909 0.003009 0.187646 0.002271 0.242210 0.001826 0.000094 0.000521 0.007173 0.000375 0.003782 0.000216 0.000012 0.000442
0.006099 0.001019 0.030277 0.002030 0.000908 0.014244 0.000040 0.000011 0.003150 0.032355 0.023191 0.304446 0.001542 0.002464 0.146594 0.005018 0.001656 0.100470 0.007689 0.004839 0.229896 0.011537 0.000031 0.070494
0.844423 0.011451 0.136543 0.001556 0.000682 0.000430 0.000077 0.000001 0.000146 0.000181 0.000042 0.000191 0.000866 0.000112 0.001385 0.000067 0.000007 0.000107 0.000129 0.000167 0.001411 0.000020 0.000004 0.000001
0.008315 0.006694 0.009463 0.002889 0.001790 0.012001 0.000014 0.000002 0.001741 0.000018 0.000067 0.000415 0.013239 0.355738 0.439681 0.008409 0.085655 0.045150 0.001024 0.000620 0.005653 0.000104 0.000382 0.000936
0.001700 0.000493 0.235932 0.000008 0.000084 0.002847 0.000054 0.000001 0.003860 0.000271 0.000600 0.048255 0.000047 0.000058 0.181654 0.001290 0.000033 0.503094 0.000039 0.000007 0.013948 0.000188 0.000007 0.005531
0.000106 0.000094 0.000708 0.000009 0.000251 0.000034 0.000067 0.000108 0.001570 0.000389 0.012591 0.001304 0.049530 0.034420 0.896099 0.000034 0.000126 0.000268 0.000027 0.000622 0.000206 0.000191 0.000250 0.000997
0.004896 0.000018 0.000153 0.006445 0.000163 0.000480 0.000078 0.000241 0.000953 0.017580 0.000415 0.003311 0.051793 0.031524 0.117759 0.007248 0.002324 0.002269 0.035562 0.001026 0.670986 0.006680 0.002372 0.035727
0.000008 0.000000 0.000027 0.000018 0.000004 0.000091 0.008267 0.002588 0.954666 0.000128 0.000830 0.000540 0.003835 0.001319 0.016258 0.000003 0.000031 0.000022 0.000145 0.000110 0.004609 0.000695 0.000610 0.005194
0.028778 0.011123 0.876774 0.001992 0.000442 0.028096 0.001720 0.000014 0.011750 0.000330 0.000685 0.004002 0.000354 0.000013 0.005532 0.000591 0.000265 0.019485 0.000065 0.000094 0.006200 0.000020 0.000262 0.001414
0.018145 0.000391 0.001923 0.073241 0.002481 0.008480 0.000009 0.000016 0.000322 0.012452 0.001123 0.001069 0.001419 0.000099 0.000378 0.045997 0.001994 0.028035 0.247192 0.007576 0.542155 0.003689 0.000074 0.001741
0.069886 0.001230 0.003234 0.011716 0.197008 0.002985 0.000084 0.000056 0.000173 0.002429 0.000357 0.000604 0.019143 0.002713 0.002388 0.063387 0.009420 0.025471 0.406474 0.015229 0.154657 0.003622 0.000270 0.007464
0.005802 0.001139 0.033005 0.002411 0.009900 0.070218 0.000010 0.000000 0.000071 0.000054 0.000831 0.002451 0.000521 0.000171 0.016500 0.015166 0.001110 0.837106 0.000062 0.000001 0.001291 0.000012 0.000205 0.001964
0.003297 0.000038 0.005596 0.023118 0.006406 0.631734 0.000243 0.000003 0.000294 0.007900 0.003731 0.037955 0.001370 0.000076 0.249298 0.000182 0.000008 0.004752 0.001015 0.000009 0.009458 0.000365 0.000037 0.013114
0.232327 0.050055 0.023440 0.021078 0.053455 0.009130 0.000464 0.000301 0.000257 0.001686 0.000208 0.000033 0.020942 0.009291 0.003462 0.043997 0.012046 0.002680 0.472468 0.006868 0.033039 0.001569 0.000616 0.000586
0.098822 0.003060 0.007044 0.141847 0.055154 0.021319 0.000453 0.000098 0.000403 0.001601 0.000576 0.000133 0.001185 0.000116 0.002120 0.020655 0.002329 0.008530 0.552609 0.002217 0.074809 0.002213 0.000384 0.002322
0.000500 0.000003 0.002520 0.000542 0.000142 0.002710 0.000437 0.000067 0.001231 0.175010 0.001522 0.169424 0.000202 0.000130 0.002553 0.000373 0.000006 0.000616 0.015594 0.000377 0.609903 0.005894 0.000009 0.010236
0.141546 0.072085 0.647501 0.026179 0.013255 0.057021 0.000036 0.000000 0.000005 0.000512 0.000166 0.000868 0.000003 0.000004 0.000062 0.016085 0.000146 0.024426 0.000032 0.000001 0.000050 0.000003 0.000007 0.000007
0.052978 0.001772 0.077845 0.313541 0.035662 0.217998 0.000056 0.000002 0.000998 0.015036 0.000462 0.009791 0.001109 0.000284 0.007075 0.013336 0.000546 0.030713 0.143207 0.001439 0.070756 0.000740 0.000009 0.004643
0.011660 0.000447 0.048913 0.130974 0.008153 0.224599 0.000049 0.000001 0.000434 0.072457 0.012799 0.408491 0.000208 0.000813 0.005506 0.004292 0.000508 0.019339 0.003646 0.000716 0.040499 0.001255 0.000017 0.004221
0.001885 0.001336 0.683092 0.003316 0.000960 0.224738 0.000073 0.000000 0.000231 0.000740 0.000435 0.026156 0.000009 0.000006 0.001992 0.000824 0.000063 0.052713 0.000132 0.000001 0.000987 0.000002 0.000001 0.000309
0.187298 0.003795 0.782165 0.007564 0.000875 0.003619 0.000026 0.000001 0.000084 0.002069 0.000050 0.001444 0.000170 0.000019 0.000579 0.000450 0.000010 0.000533 0.003453 0.000286 0.005469 0.000010 0.000000 0.000031
0.000620 0.000088 0.105359 0.024846 0.015318 0.669136 0.001811 0.000009 0.000362 0.081479 0.015354 0.076149 0.000001 0.000000 0.000083 0.001300 0.000001 0.006002 0.000086 0.000006 0.000937 0.000114 0.000001 0.000937
0.000270 0.000132 0.000133 0.000565 0.000313 0.000063 0.000000 0.000000 0.000005 0.000007 0.000002 0.000008 0.000002 0.000016 0.000026 0.671638 0.007142 0.319384 0.000035 0.000001 0.000033 0.000009 0.000003 0.000211
0.352350 0.169040 0.353222 0.002618 0.000797 0.000369 0.000003 0.000000 0.000021 0.000056 0.000005 0.000118 0.000034 0.000070 0.000156 0.068320 0.002477 0.049469 0.000300 0.000040 0.000507 0.000005 0.000007 0.000016
0.163037 0.076079 0.429187 0.004579 0.002447 0.000996 0.000010 0.000000 0.000124 0.000090 0.000009 0.000172 0.000049 0.000080 0.000400 0.139797 0.002355 0.178389 0.000870 0.000025 0.001243 0.000013 0.000007 0.000042
0.000043 0.000002 0.000644 0.000001 0.000002 0.000004 0.002543 0.000038 0.996241 0.000000 0.000001 0.000009 0.000002 0.000000 0.000131 0.000001 0.000000 0.000293 0.000008 0.000002 0.000026 0.000003 0.000000 0.000007
0.687811 0.049539 0.250981 0.002024 0.000034 0.000129 0.000060 0.000006 0.000381 0.000006 0.000003 0.000017 0.000289 0.000008 0.000043 0.004132 0.000798 0.003192 0.000377 0.000016 0.000144 0.000001 0.000006 0.000004
0.251260 0.019952 0.645678 0.029762 0.001955 0.003673 0.002670 0.000044 0.003553 0.000950 0.000081 0.000349 0.001302 0.000013 0.000800 0.002100 0.000176 0.002418 0.019133 0.003306 0.010723 0.000068 0.000007 0.000026
0.032094 0.006204 0.785498 0.003076 0.000495 0.026020 0.000230 0.000000 0.000317 0.000234 0.000089 0.031067 0.001577 0.001502 0.068284 0.004654 0.000792 0.014644 0.004950 0.000328 0.017759 0.000006 0.000009 0.000171
0.005745 0.007939 0.711771 0.001211 0.002854 0.095790 0.000056 0.000000 0.000072 0.000034 0.000183 0.006669 0.000007 0.000016 0.002560 0.001259 0.000217 0.162979 0.000038 0.000005 0.000514 0.000001 0.000004 0.000078
0.061274 0.002309 0.036397 0.120756 0.004167 0.164946 0.000046 0.000005 0.002263 0.013091 0.001928 0.098184 0.027794 0.014921 0.062325 0.014886 0.005160 0.039967 0.138785 0.006942 0.171590 0.006685 0.000133 0.005445
0.000020 0.000008 0.000854 0.024187 0.001338 0.972684 0.000002 0.000000 0.000001 0.000060 0.000070 0.000307 0.000000 0.000000 0.000003 0.000018 0.000001 0.000380 0.000029 0.000001 0.000036 0.000001 0.000000 0.000002
0.000058 0.000043 0.001700 0.050682 0.008859 0.931660 0.000007 0.000000 0.000003 0.002138 0.000800 0.002151 0.000000 0.000001 0.000034 0.000193 0.000010 0.001329 0.000137 0.000007 0.000097 0.000012 0.000000 0.000079
0.000010 0.000002 0.000703 0.011062 0.000413 0.985972 0.000009 0.000000 0.000004 0.000076 0.000016 0.001230 0.000000 0.000000 0.000003 0.000008 0.000000 0.000393 0.000013 0.000000 0.000080 0.000001 0.000000 0.000004
0.563982 0.004017 0.427650 0.000980 0.000043 0.000193 0.000080 0.000000 0.000079 0.000019 0.000001 0.000337 0.000357 0.000040 0.000807 0.000482 0.000017 0.000555 0.000154 0.000027 0.000175 0.000001 0.000001 0.000002
0.432025 0.012342 0.548865 0.000559 0.000070 0.000145 0.000053 0.000000 0.000133 0.000020 0.000002 0.000378 0.000200 0.000059 0.000493 0.001007 0.000098 0.002011 0.000427 0.000093 0.001014 0.000002 0.000001 0.000004
0.004222 0.001785 0.936090 0.000037 0.000076 0.012451 0.000438 0.000003 0.001658 0.000393 0.000255 0.021444 0.000006 0.000004 0.020077 0.000023 0.000001 0.000856 0.000002 0.000002 0.000153 0.000002 0.000001 0.000019
0.000174 0.000341 0.000342 0.000178 0.000740 0.001906 0.000000 0.000000 0.000013 0.000011 0.000013 0.000513 0.000002 0.000113 0.000996 0.067995 0.003710 0.922018 0.000014 0.000001 0.000105 0.000043 0.000008 0.000763
0.000521 0.000007 0.001912 0.000134 0.000007 0.000540 0.000079 0.000004 0.000284 0.023708 0.000077 0.039111 0.000115 0.000274 0.001555 0.000036 0.000018 0.000070 0.008208 0.002099 0.920056 0.001047 0.000002 0.000136
0.087795 0.015034 0.501482 0.030090 0.003095 0.151890 0.000109 0.000000 0.000633 0.000960 0.000412 0.095032 0.009747 0.002035 0.054735 0.000671 0.001289 0.005055 0.007264 0.001628 0.030693 0.000036 0.000013 0.000303
0.064473 0.006187 0.873557 0.001050 0.000198 0.006160 0.000076 0.000000 0.000097 0.000237 0.000145 0.032083 0.001151 0.000208 0.008052 0.000103 0.000116 0.001375 0.000262 0.000494 0.003943 0.000004 0.000004 0.000025
0.001296 0.000650 0.962817 0.000153 0.000038 0.027404 0.000016 0.000000 0.000027 0.000407 0.000026 0.005373 0.000001 0.000000 0.000268 0.000002 0.000001 0.000176 0.000029 0.000018 0.001294 0.000001 0.000000 0.000002
0.085808 0.082334 0.611663 0.006653 0.001146 0.006544 0.000012 0.000000 0.000117 0.000137 0.000018 0.000541 0.000051 0.000161 0.000730 0.043001 0.004846 0.154569 0.000248 0.000036 0.001358 0.000005 0.000010 0.000012
0.023311 0.008871 0.008445 0.030590 0.009362 0.100934 0.000045 0.000023 0.004094 0.001362 0.001597 0.006313 0.272773 0.021488 0.413347 0.004750 0.024168 0.014289 0.024082 0.000525 0.021520 0.003300 0.000138 0.004670
0.000534 0.000099 0.014894 0.000154 0.000400 0.109690 0.000138 0.000001 0.000190 0.000740 0.000619 0.127189 0.000214 0.000786 0.698357 0.000328 0.000045 0.033876 0.000121 0.000007 0.006973 0.000083 0.000071 0.004491
0.511547 0.019462 0.381258 0.008430 0.008391 0.008034 0.009552 0.000055 0.007320 0.001287 0.001681 0.007762 0.018097 0.002572 0.005784 0.001947 0.000055 0.000519 0.001515 0.000597 0.003769 0.000318 0.000019 0.000027
0.000625 0.000448 0.035369 0.002751 0.006174 0.247574 0.000071 0.000001 0.000420 0.003483 0.007167 0.163075 0.000006 0.000058 0.008316 0.003115 0.000183 0.497776 0.000183 0.000069 0.019953 0.000508 0.000019 0.002654
0.055725 0.057009 0.794569 0.009510 0.005581 0.054597 0.000111 0.000000 0.000023 0.000410 0.000276 0.003546 0.000007 0.000016 0.000481 0.002756 0.000149 0.014929 0.000063 0.000020 0.000212 0.000003 0.000003 0.000005
0.052022 0.002716 0.164060 0.005708 0.000436 0.002083 0.001899 0.000003 0.000124 0.000519 0.000004 0.000068 0.000163 0.000167 0.000431 0.000888 0.000064 0.000742 0.609863 0.007108 0.150852 0.000078 0.000001 0.000003
0.022034 0.003483 0.947169 0.000218 0.000469 0.013057 0.000413 0.000000 0.000024 0.000355 0.000124 0.010494 0.000003 0.000001 0.001297 0.000005 0.000000 0.000345 0.000023 0.000023 0.000460 0.000002 0.000000 0.000002
0.007014 0.000666 0.097376 0.073590 0.004632 0.810818 0.000157 0.000000 0.000008 0.002885 0.000356 0.001603 0.000000 0.000000 0.000068 0.000028 0.000001 0.000348 0.000121 0.000008 0.000314 0.000005 0.000000 0.000001
0.163129 0.034707 0.104655 0.021639 0.004309 0.011576 0.000124 0.000001 0.001278 0.000524 0.000131 0.005154 0.001561 0.002303 0.015650 0.118018 0.038719 0.437155 0.019002 0.001528 0.017953 0.000107 0.000086 0.000692
0.015531 0.007778 0.964841 0.000122 0.000130 0.006333 0.000142 0.000000 0.000013 0.000102 0.000052 0.001058 0.000001 0.000001 0.000143 0.000279 0.000002 0.003436 0.000001 0.000000 0.000032 0.000000 0.000000 0.000001
0.001667 0.000156 0.004090 0.000348 0.000078 0.000264 0.000085 0.000015 0.001391 0.000260 0.000233 0.000309 0.007758 0.001089 0.074950 0.000167 0.000350 0.000903 0.142008 0.080958 0.681200 0.001561 0.000015 0.000146
0.004833 0.000041 0.004682 0.001881 0.000015 0.001494 0.000200 0.000003 0.000301 0.000953 0.000012 0.000394 0.003382 0.000427 0.004642 0.000038 0.000059 0.000170 0.442249 0.003822 0.530075 0.000248 0.000002 0.000078
0.102291 0.001836 0.033715 0.205537 0.001229 0.092644 0.000184 0.000017 0.006141 0.004693 0.000983 0.006715 0.042443 0.001018 0.209323 0.008973 0.002321 0.035524 0.116302 0.004153 0.104778 0.001062 0.000032 0.018084
0.063891 0.021914 0.564245 0.000080 0.000052 0.000673 0.000017 0.000001 0.000349 0.000018 0.000056 0.001162 0.000112 0.000033 0.007423 0.002646 0.000386 0.335161 0.000021 0.000013 0.001629 0.000003 0.000013 0.000101
0.024728 0.000414 0.018515 0.682586 0.003135 0.132128 0.000319 0.000033 0.000254 0.028620 0.001221 0.004948 0.000112 0.000024 0.000042 0.001089 0.000066 0.000538 0.039580 0.000604 0.060211 0.000804 0.000002 0.000029
0.000014 0.000009 0.001290 0.013202 0.001701 0.982077 0.000002 0.000000 0.000001 0.000099 0.000117 0.001018 0.000000 0.000000 0.000003 0.000013 0.000002 0.000400 0.000014 0.000001 0.000034 0.000002 0.000000 0.000002
0.726242 0.089510 0.173032 0.008795 0.000592 0.000724 0.000019 0.000000 0.000010 0.000126 0.000023 0.000049 0.000085 0.000005 0.000016 0.000347 0.000024 0.000137 0.000120 0.000037 0.000104 0.000002 0.000001 0.000000
0.000114 0.000015 0.001762 0.000032 0.000001 0.000026 0.000096 0.000062 0.001422 0.001415 0.000241 0.001894 0.000823 0.000063 0.004348 0.000024 0.000023 0.000240 0.019553 0.009317 0.956779 0.000870 0.000002 0.000877
0.056775 0.010690 0.915804 0.001143 0.000014 0.004642 0.000172 0.000002 0.000123 0.000592 0.000044 0.001297 0.000066 0.000001 0.000226 0.000002 0.000003 0.000071 0.000569 0.000824 0.006935 0.000004 0.000000 0.000001
0.016286 0.001620 0.019974 0.346314 0.010028 0.489261 0.000013 0.000001 0.000533 0.002555 0.000176 0.003544 0.000333 0.000173 0.000852 0.003706 0.000637 0.015453 0.062392 0.002600 0.022986 0.000195 0.000002 0.000366
0.079020 0.294969 0.489296 0.000119 0.000048 0.000999 0.000003 0.000005 0.000139 0.000016 0.000136 0.000419 0.000285 0.000105 0.002874 0.004815 0.001291 0.125321 0.000012 0.000024 0.000057 0.000001 0.000009 0.000035
0.002865 0.000176 0.000589 0.008209 0.000484 0.001495 0.000034 0.000049 0.000112 0.001875 0.000368 0.000058 0.004080 0.000535 0.000514 0.000407 0.001511 0.000092 0.801148 0.078951 0.092578 0.003587 0.000019 0.000263
0.282120 0.107754 0.569696 0.000378 0.000053 0.000113 0.000006 0.000001 0.000037 0.000038 0.000010 0.000356 0.000329 0.000141 0.000133 0.012003 0.001108 0.024154 0.000313 0.000235 0.001011 0.000001 0.000004 0.000006
0.000172 0.004193 0.021034 0.000367 0.003843 0.020757 0.000005 0.000001 0.000119 0.000025 0.002279 0.000773 0.000006 0.000049 0.000662 0.004137 0.007205 0.933605 0.000005 0.000027 0.000065 0.000009 0.000042 0.000619
0.000036 0.000006 0.000110 0.000021 0.000035 0.000291 0.000430 0.000015 0.998038 0.000000 0.000004 0.000012 0.000003 0.000002 0.000037 0.000001 0.000001 0.000895 0.000002 0.000004 0.000013 0.000001 0.000003 0.000040
0.027231 0.000502 0.602364 0.000164 0.000012 0.000364 0.001414 0.000068 0.002134 0.002072 0.000017 0.000637 0.001042 0.000014 0.000325 0.000255 0.000010 0.000459 0.009917 0.000344 0.350574 0.000009 0.000001 0.000071
0.039609 0.026240 0.931145 0.000077 0.000021 0.000503 0.000004 0.000000 0.000015 0.000025 0.000009 0.000095 0.000004 0.000000 0.000033 0.000255 0.000005 0.001893 0.000005 0.000000 0.000061 0.000000 0.000000 0.000001
0.002542 0.000055 0.001547 0.005235 0.000418 0.004775 0.000007 0.000009 0.000159 0.000507 0.000209 0.000179 0.000868 0.000194 0.000522 0.000133 0.000352 0.000983 0.066872 0.014022 0.899853 0.000400 0.000002 0.000155
0.000068 0.000005 0.003224 0.006713 0.000367 0.974236 0.000002 0.000000 0.000024 0.000735 0.000262 0.008438 0.000000 0.000000 0.000136 0.000003 0.000001 0.001681 0.000013 0.000003 0.004052 0.000004 0.000000 0.000033
0.074814 0.000733 0.003118 0.094261 0.009103 0.004047 0.000037 0.000031 0.000134 0.001802 0.000051 0.000015 0.004138 0.000321 0.000995 0.003657 0.001048 0.003390 0.684154 0.024258 0.088148 0.001561 0.000028 0.000156
0.004006 0.000283 0.062191 0.002752 0.000144 0.071329 0.000014 0.000001 0.000478 0.005528 0.002458 0.582362 0.000091 0.000264 0.135447 0.000607 0.000150 0.123488 0.000023 0.000027 0.007256 0.000027 0.000051 0.001023
0.004343 0.001561 0.003083 0.000530 0.000268 0.000817 0.000001 0.000018 0.009116 0.000036 0.000036 0.000020 0.103969 0.008954 0.802430 0.006173 0.029864 0.024590 0.000979 0.000703 0.001307 0.000045 0.000260 0.000898
0.006462 0.005842 0.983381 0.000058 0.000078 0.002674 0.000015 0.000000 0.000010 0.000042 0.000064 0.000208 0.000000 0.000001 0.000037 0.000019 0.000004 0.001077 0.000002 0.000002 0.000024 0.000000 0.000000 0.000000
0.061479 0.019169 0.216020 0.000960 0.000878 0.001301 0.000011 0.000000 0.001066 0.000201 0.000057 0.004356 0.002618 0.004801 0.028341 0.026730 0.003063 0.591307 0.007264 0.000746 0.029227 0.000066 0.000004 0.000333
0.023513 0.019985 0.946515 0.000089 0.000104 0.000791 0.000007 0.000000 0.000008 0.000027 0.000031 0.000374 0.000004 0.000003 0.000078 0.000190 0.000010 0.008212 0.000004 0.000001 0.000056 0.000000 0.000000 0.000001
0.002377 0.000302 0.002288 0.000116 0.000018 0.000015 0.000093 0.000011 0.001319 0.000028 0.000023 0.000007 0.370646 0.015674 0.502344 0.000464 0.000618 0.000543 0.084291 0.001699 0.017025 0.000059 0.000010 0.000026
0.000054 0.000008 0.018051 0.000326 0.000108 0.056721 0.000190 0.000006 0.000337 0.092659 0.002794 0.783770 0.000001 0.000023 0.000662 0.000036 0.000001 0.000858 0.000119 0.000025 0.042955 0.000204 0.000000 0.000093
0.009756 0.003789 0.961227 0.000420 0.000054 0.012891 0.000006 0.000000 0.000030 0.001369 0.000334 0.009019 0.000003 0.000001 0.000235 0.000003 0.000001 0.000347 0.000007 0.000013 0.000493 0.000001 0.000000 0.000002
0.000620 0.000018 0.000580 0.000005 0.000001 0.000096 0.001358 0.000343 0.996356 0.000003 0.000013 0.000078 0.000002 0.000000 0.000215 0.000000 0.000000 0.000042 0.000007 0.000037 0.000208 0.000009 0.000000 0.000010
0.129119 0.044891 0.817783 0.000087 0.000026 0.000806 0.000046 0.000006 0.000657 0.000011 0.000014 0.000590 0.000023 0.000011 0.000454 0.000121 0.000127 0.004989 0.000025 0.000008 0.000175 0.000001 0.000002 0.000027
0.010760 0.016517 0.923585 0.000220 0.000451 0.010636 0.000025 0.000000 0.000208 0.000026 0.000018 0.002002 0.000002 0.000004 0.000835 0.000353 0.000039 0.034123 0.000005 0.000002 0.000164 0.000001 0.000001 0.000023
0.000040 0.000017 0.001087 0.005547 0.002817 0.988853 0.000001 0.000000 0.000002 0.000092 0.000058 0.000399 0.000000 0.000000 0.000011 0.000011 0.000001 0.000840 0.000005 0.000000 0.000204 0.000002 0.000000 0.000012
0.003444 0.006828 0.000737 0.001493 0.006552 0.000817 0.000000 0.000000 0.000021 0.000012 0.000010 0.000018 0.000004 0.000108 0.000079 0.331586 0.063709 0.584095 0.000019 0.000021 0.000044 0.000017 0.000029 0.000356
0.000141 0.000004 0.000595 0.000157 0.000002 0.000078 0.000021 0.000009 0.001051 0.000885 0.000012 0.000142 0.000572 0.000070 0.001456 0.000014 0.000034 0.000109 0.018443 0.003902 0.971219 0.000927 0.000006 0.000153
0.001937 0.004158 0.001054 0.000061 0.000041 0.000017 0.000003 0.000013 0.011762 0.000011 0.000055 0.000031 0.036988 0.058626 0.186945 0.016105 0.321368 0.289028 0.000982 0.037182 0.027993 0.000241 0.002802 0.002598
0.035349 0.001470 0.904923 0.000099 0.000054 0.000863 0.001307 0.000013 0.005081 0.001284 0.000116 0.002791 0.000076 0.000266 0.021679 0.000536 0.000012 0.013430 0.000308 0.000254 0.009931 0.000098 0.000016 0.000043
0.000195 0.000007 0.000255 0.000013 0.000003 0.000009 0.000018 0.000002 0.000138 0.000384 0.000016 0.000533 0.000118 0.000090 0.000952 0.000045 0.000003 0.000495 0.018512 0.003174 0.974324 0.000633 0.000001 0.000080
0.310895 0.048337 0.501946 0.023824 0.003603 0.011659 0.000036 0.000001 0.001228 0.000505 0.000075 0.013319 0.001570 0.000523 0.002796 0.008110 0.001276 0.028474 0.002148 0.000858 0.038423 0.000027 0.000020 0.000347
