0.618247 0.224535 0.126671 0.012960 0.002418 0.002630 0.001794 0.000031 0.000904 0.000121 0.000191 0.000151 0.003520 0.000213 0.000395 0.001149 0.001533 0.001184 0.000400 0.000108 0.000665 0.000037 0.000124 0.000016
0.004577 0.001351 0.827853 0.000528 0.000238 0.023744 0.001668 0.000004 0.000188 0.006949 0.000482 0.128914 0.000003 0.000003 0.000621 0.000089 0.000002 0.001501 0.000033 0.000013 0.001152 0.000018 0.000001 0.000067
0.009027 0.000081 0.006633 0.000302 0.000018 0.000297 0.000098 0.000160 0.000284 0.006647 0.001396 0.038242 0.008299 0.017491 0.039319 0.000266 0.000024 0.000692 0.011928 0.083975 0.773679 0.000784 0.000056 0.000303
0.003106 0.000314 0.010310 0.000264 0.000093 0.028697 0.000078 0.000002 0.000644 0.000526 0.000491 0.025177 0.006521 0.004060 0.911801 0.000209 0.000023 0.005436 0.000012 0.000008 0.001317 0.000009 0.000116 0.000786
0.339826 0.017214 0.295978 0.109253 0.010829 0.128279 0.000146 0.000002 0.000310 0.009283 0.000201 0.001830 0.000278 0.000334 0.002441 0.007299 0.000288 0.009267 0.040850 0.006604 0.019146 0.000209 0.000014 0.000119
0.011767 0.001231 0.974034 0.000122 0.000197 0.007465 0.000149 0.000000 0.000012 0.000862 0.000082 0.002875 0.000001 0.000000 0.000379 0.000005 0.000000 0.000247 0.000021 0.000012 0.000535 0.000001 0.000000 0.000003
0.412149 0.001453 0.002158 0.555906 0.010910 0.015159 0.000006 0.000000 0.000002 0.000175 0.000012 0.000013 0.000004 0.000001 0.000003 0.000736 0.000009 0.000276 0.000674 0.000032 0.000312 0.000010 0.000001 0.000000
0.309298 0.554666 0.051968 0.000390 0.000643 0.000027 0.000003 0.000000 0.000003 0.000020 0.000001 0.000008 0.000029 0.000058 0.000033 0.067001 0.002056 0.013655 0.000054 0.000021 0.000059 0.000001 0.000005 0.000000
0.007679 0.000240 0.004598 0.000805 0.000287 0.000410 0.000132 0.000001 0.000047 0.000233 0.000003 0.000015 0.000283 0.000257 0.000134 0.001095 0.000093 0.000642 0.839458 0.010405 0.132567 0.000600 0.000004 0.000013
0.021076 0.000967 0.034712 0.003400 0.000957 0.014029 0.000477 0.000002 0.000790 0.076722 0.002933 0.305187 0.002521 0.009023 0.405890 0.001128 0.000591 0.008173 0.014096 0.008503 0.079312 0.002213 0.000055 0.007243
0.115130 0.012081 0.282944 0.006508 0.006475 0.046528 0.000323 0.000001 0.000648 0.001077 0.000672 0.066410 0.017286 0.010010 0.249740 0.001110 0.000702 0.012607 0.009486 0.002218 0.157195 0.000164 0.000037 0.000648
0.002086 0.001161 0.002754 0.000166 0.000333 0.000070 0.000640 0.000102 0.002003 0.000267 0.000053 0.000040 0.000395 0.000265 0.000574 0.000441 0.001301 0.005022 0.114020 0.358000 0.508908 0.001223 0.000022 0.000154
0.047430 0.008551 0.461066 0.005450 0.001535 0.090736 0.000509 0.000002 0.001427 0.001990 0.000750 0.105563 0.000698 0.001564 0.141890 0.001468 0.001136 0.047344 0.004198 0.001849 0.073715 0.000168 0.000025 0.000934
0.000472 0.004108 0.001078 0.000106 0.001416 0.001192 0.000000 0.000000 0.000047 0.000002 0.000025 0.000023 0.000001 0.000093 0.000752 0.021360 0.023371 0.945823 0.000002 0.000017 0.000013 0.000002 0.000028 0.000069
0.001708 0.000143 0.000254 0.008894 0.001826 0.002518 0.000002 0.000041 0.000305 0.006239 0.000807 0.000855 0.000330 0.004108 0.001527 0.009962 0.017613 0.031712 0.060972 0.063691 0.755454 0.029219 0.000054 0.001767
0.062769 0.007611 0.911335 0.000326 0.000254 0.007940 0.000080 0.000001 0.000017 0.000480 0.000139 0.007521 0.000039 0.000005 0.000419 0.000007 0.000002 0.000271 0.000038 0.000053 0.000688 0.000003 0.000000 0.000001
0.002434 0.000030 0.001020 0.000015 0.000001 0.000091 0.004968 0.000257 0.989884 0.000011 0.000012 0.000146 0.000038 0.000034 0.000310 0.000001 0.000001 0.000102 0.000029 0.000320 0.000224 0.000038 0.000002 0.000032
0.013443 0.002760 0.023975 0.002125 0.003087 0.007694 0.000037 0.000011 0.000457 0.000053 0.000020 0.000099 0.000005 0.000010 0.000168 0.086592 0.001820 0.856776 0.000063 0.000006 0.000319 0.000024 0.000021 0.000433
0.045259 0.001947 0.018547 0.010996 0.008186 0.034296 0.000010 0.000005 0.005080 0.003074 0.001673 0.029273 0.008548 0.001756 0.150761 0.004517 0.001821 0.206307 0.007145 0.004672 0.423189 0.012104 0.000066 0.020765
0.000050 0.000009 0.000731 0.014988 0.002581 0.980048 0.000001 0.000000 0.000002 0.000150 0.000132 0.000465 0.000000 0.000000 0.000009 0.000018 0.000002 0.000615 0.000013 0.000001 0.000172 0.000005 0.000000 0.000008
0.080539 0.005058 0.016700 0.000071 0.000355 0.000008 0.000286 0.000274 0.001710 0.000072 0.000186 0.000011 0.734386 0.001183 0.127454 0.000427 0.000370 0.000161 0.004143 0.023262 0.002771 0.000238 0.000090 0.000245
0.022111 0.000074 0.021262 0.000165 0.000071 0.000433 0.003657 0.000216 0.003570 0.096568 0.000226 0.281958 0.004852 0.000498 0.064770 0.000025 0.000005 0.000254 0.008947 0.001940 0.484621 0.002549 0.000066 0.001164
0.040235 0.015764 0.718338 0.001582 0.000470 0.083169 0.000010 0.000000 0.000504 0.000320 0.000077 0.022536 0.000147 0.000120 0.073166 0.000285 0.000162 0.035193 0.000099 0.000038 0.007624 0.000005 0.000009 0.000151
0.091085 0.071790 0.818898 0.000948 0.002975 0.008797 0.000018 0.000000 0.000017 0.000099 0.000065 0.000380 0.000003 0.000002 0.000243 0.000358 0.000015 0.004227 0.000006 0.000003 0.000062 0.000001 0.000001 0.000003
0.004050 0.002611 0.008820 0.000100 0.000390 0.001230 0.000004 0.000021 0.002062 0.000030 0.000064 0.000082 0.044729 0.007153 0.923313 0.000197 0.001666 0.001743 0.000103 0.000062 0.001131 0.000059 0.000101 0.000281
0.019700 0.001537 0.007091 0.000443 0.000137 0.000461 0.000025 0.000006 0.001155 0.001320 0.000004 0.000116 0.001834 0.000184 0.007716 0.000534 0.001379 0.001315 0.366205 0.006818 0.579387 0.002459 0.000009 0.000164
0.009119 0.002116 0.001640 0.000272 0.000940 0.004605 0.000006 0.000003 0.000550 0.000558 0.000255 0.001369 0.113489 0.002128 0.834220 0.002074 0.002516 0.002428 0.004428 0.000135 0.009044 0.000389 0.000075 0.007641
0.232040 0.013747 0.524879 0.002457 0.003874 0.017344 0.000180 0.000001 0.000374 0.001187 0.000206 0.027229 0.006883 0.003835 0.045938 0.010586 0.001545 0.049047 0.018592 0.001468 0.037467 0.000032 0.000019 0.001072
0.000641 0.000905 0.000161 0.000043 0.001424 0.000085 0.000001 0.000000 0.000028 0.000001 0.000016 0.000015 0.000003 0.000076 0.000087 0.007316 0.007532 0.981421 0.000009 0.000005 0.000042 0.000002 0.000002 0.000183
0.891347 0.002310 0.046811 0.000066 0.000028 0.000011 0.000159 0.000010 0.001054 0.000020 0.000008 0.000013 0.045398 0.000970 0.006799 0.000072 0.000029 0.000489 0.000581 0.000523 0.003289 0.000004 0.000008 0.000001
0.000086 0.000092 0.008076 0.000036 0.000336 0.003825 0.000231 0.000517 0.005050 0.007481 0.011311 0.024460 0.000184 0.000129 0.294875 0.001378 0.000339 0.141280 0.001649 0.000448 0.437237 0.001092 0.000075 0.059813
0.579431 0.044649 0.167911 0.003693 0.002417 0.000717 0.000073 0.000005 0.000316 0.000300 0.000013 0.000151 0.000380 0.000052 0.000204 0.074725 0.003975 0.097685 0.013193 0.000217 0.009780 0.000026 0.000019 0.000069
0.362461 0.012060 0.182351 0.010271 0.010438 0.000447 0.002179 0.000164 0.001520 0.002606 0.000072 0.000029 0.176701 0.000276 0.018916 0.000485 0.000040 0.000176 0.203524 0.006267 0.008940 0.000036 0.000022 0.000021
0.110844 0.003438 0.272180 0.370207 0.013217 0.134312 0.000165 0.000002 0.001078 0.005900 0.000709 0.004583 0.001035 0.000171 0.005039 0.002078 0.000394 0.020756 0.024519 0.001793 0.026976 0.000098 0.000003 0.000504
0.010687 0.002499 0.082106 0.024772 0.009117 0.242256 0.000098 0.000003 0.001649 0.009313 0.003692 0.070684 0.018882 0.001983 0.455380 0.000846 0.001644 0.014601 0.006670 0.000127 0.039259 0.000398 0.000033 0.003299
0.003077 0.003752 0.004713 0.000610 0.002711 0.000577 0.000001 0.000001 0.000446 0.000044 0.000208 0.000302 0.000775 0.011552 0.010322 0.267483 0.119740 0.569603 0.000470 0.000635 0.001567 0.000138 0.000198 0.001074
0.031832 0.003705 0.015051 0.197811 0.076058 0.037555 0.000022 0.000001 0.000618 0.010924 0.003706 0.008634 0.003851 0.001453 0.001399 0.347011 0.013751 0.189413 0.035556 0.002472 0.011321 0.001578 0.000026 0.006254
0.005570 0.001791 0.012835 0.000081 0.000339 0.000424 0.000039 0.000018 0.002264 0.000351 0.000249 0.000415 0.133058 0.023557 0.763342 0.016091 0.000127 0.037069 0.000263 0.000023 0.000620 0.000512 0.000337 0.000625
0.004792 0.000238 0.053292 0.003243 0.000491 0.000903 0.001195 0.000016 0.000247 0.002421 0.000029 0.000262 0.001103 0.001174 0.000455 0.001744 0.000042 0.000135 0.606443 0.002214 0.319138 0.000414 0.000002 0.000004
0.006573 0.003053 0.689163 0.003046 0.006670 0.037715 0.000027 0.000000 0.000020 0.000226 0.000816 0.002963 0.000007 0.000016 0.000538 0.009785 0.000159 0.238990 0.000017 0.000005 0.000155 0.000010 0.000008 0.000039
0.020344 0.062241 0.050304 0.006325 0.012108 0.000431 0.000011 0.000018 0.000848 0.000196 0.000300 0.000048 0.005621 0.001260 0.003373 0.467841 0.215479 0.144323 0.002144 0.003281 0.001704 0.000243 0.000271 0.001287
0.000010 0.000015 0.000149 0.000006 0.000087 0.000196 0.000003 0.000013 0.000177 0.000036 0.001969 0.001117 0.000870 0.024446 0.959444 0.000150 0.000575 0.002231 0.000019 0.000009 0.000380 0.000096 0.000606 0.007395
0.028346 0.000665 0.017091 0.248637 0.006853 0.139869 0.000338 0.000065 0.000474 0.148095 0.000558 0.010993 0.000480 0.005527 0.000713 0.060313 0.003256 0.002295 0.249384 0.001235 0.066248 0.008169 0.000174 0.000221
0.006236 0.002306 0.066083 0.000038 0.000577 0.000904 0.002838 0.000643 0.042435 0.004733 0.011820 0.031781 0.060667 0.008420 0.740633 0.007256 0.000020 0.005741 0.000025 0.000054 0.000360 0.001470 0.000873 0.004086
0.183158 0.024430 0.783961 0.000602 0.000540 0.001847 0.000043 0.000000 0.000038 0.000205 0.000080 0.000764 0.000040 0.000014 0.000387 0.000751 0.000021 0.002486 0.000027 0.000011 0.000585 0.000002 0.000003 0.000005
0.098926 0.273089 0.234362 0.000051 0.000234 0.000056 0.000004 0.000003 0.000030 0.000018 0.000031 0.000184 0.000028 0.000066 0.000164 0.043455 0.001735 0.347194 0.000024 0.000040 0.000259 0.000003 0.000008 0.000034
0.203160 0.007440 0.192038 0.288680 0.002944 0.066202 0.000068 0.000003 0.001247 0.006199 0.001841 0.008534 0.002342 0.001396 0.002700 0.012387 0.003687 0.092404 0.020024 0.006242 0.079507 0.000195 0.000011 0.000748
0.027741 0.179713 0.004100 0.000069 0.000393 0.000004 0.000091 0.000139 0.000383 0.000014 0.000036 0.000001 0.367142 0.062232 0.008421 0.004298 0.286483 0.003427 0.016038 0.036106 0.001709 0.000120 0.001281 0.000059
0.309141 0.011620 0.671218 0.000232 0.000063 0.000662 0.001812 0.000007 0.000501 0.000008 0.000011 0.000156 0.000127 0.000049 0.002060 0.000035 0.000020 0.001432 0.000075 0.000021 0.000737 0.000002 0.000009 0.000002
0.000792 0.000030 0.024851 0.000003 0.000011 0.000265 0.424757 0.001095 0.539662 0.000022 0.000071 0.003424 0.000056 0.000032 0.004396 0.000001 0.000001 0.000270 0.000020 0.000023 0.000144 0.000010 0.000008 0.000058
0.622803 0.062220 0.274020 0.003827 0.000178 0.005100 0.001394 0.000056 0.016560 0.000047 0.000019 0.000166 0.000221 0.000025 0.000175 0.000233 0.001065 0.008850 0.000177 0.000025 0.002790 0.000018 0.000020 0.000014
0.009451 0.003160 0.539618 0.011866 0.002054 0.422006 0.000089 0.000003 0.000053 0.003665 0.000618 0.003821 0.000002 0.000000 0.000091 0.000046 0.000004 0.000680 0.000051 0.000010 0.002686 0.000010 0.000001 0.000013
0.070367 0.009385 0.320867 0.030141 0.044578 0.461742 0.005865 0.000394 0.000376 0.022615 0.005072 0.006304 0.000055 0.000001 0.000450 0.000080 0.000005 0.000650 0.000954 0.000273 0.019252 0.000346 0.000005 0.000221
0.005314 0.003161 0.000430 0.024726 0.019216 0.025395 0.000001 0.000061 0.000736 0.001519 0.001249 0.000884 0.069807 0.012584 0.038367 0.466766 0.176795 0.110623 0.006625 0.000383 0.022008 0.001546 0.000835 0.010967
0.000453 0.000006 0.000452 0.000200 0.000010 0.000251 0.000060 0.000005 0.000211 0.002436 0.000012 0.000564 0.000307 0.000066 0.000235 0.000083 0.000003 0.000074 0.073097 0.000409 0.919888 0.001137 0.000002 0.000038
0.762868 0.114613 0.102708 0.013237 0.000174 0.002117 0.000004 0.000000 0.000077 0.000398 0.000054 0.000316 0.000418 0.000006 0.000066 0.000320 0.000055 0.000266 0.000424 0.000107 0.001760 0.000007 0.000002 0.000003
0.014445 0.002667 0.100928 0.010303 0.001345 0.263823 0.000012 0.000000 0.003209 0.002616 0.001791 0.068571 0.000950 0.001049 0.058806 0.001468 0.001416 0.059756 0.003665 0.001433 0.394687 0.001353 0.000015 0.005690
0.038423 0.014085 0.918439 0.000338 0.001195 0.012374 0.000037 0.000001 0.000167 0.000379 0.000343 0.005177 0.000171 0.000048 0.006427 0.000120 0.000012 0.001124 0.000046 0.000027 0.001025 0.000004 0.000001 0.000036
0.007600 0.013916 0.002132 0.002266 0.000782 0.004685 0.000002 0.000006 0.001431 0.000023 0.000106 0.000070 0.013264 0.361664 0.079190 0.012107 0.403340 0.092264 0.000388 0.000314 0.002832 0.000044 0.000742 0.000832
0.456294 0.182814 0.350434 0.001344 0.001441 0.002554 0.000126 0.000024 0.000043 0.000440 0.000257 0.000251 0.000015 0.000120 0.000220 0.000405 0.000098 0.002653 0.000070 0.000038 0.000340 0.000005 0.000011 0.000001
0.003764 0.000157 0.064820 0.000065 0.000008 0.000045 0.006095 0.000098 0.001085 0.002547 0.000020 0.000413 0.001217 0.000057 0.000292 0.000047 0.000005 0.000036 0.089833 0.002887 0.826312 0.000163 0.000000 0.000033
0.018248 0.004433 0.345033 0.012752 0.001690 0.213299 0.010342 0.000150 0.009186 0.172255 0.036507 0.160440 0.000021 0.000007 0.000495 0.000189 0.000007 0.003690 0.000443 0.000394 0.009783 0.000323 0.000001 0.000310
0.018177 0.099069 0.001750 0.001306 0.001249 0.000164 0.000000 0.000004 0.000022 0.000097 0.000045 0.000006 0.000072 0.000268 0.000036 0.715796 0.042463 0.119290 0.000052 0.000028 0.000008 0.000007 0.000078 0.000014
0.000471 0.001923 0.009953 0.000024 0.000134 0.000598 0.000012 0.000006 0.001808 0.000260 0.001545 0.001050 0.025052 0.123611 0.802314 0.000651 0.004620 0.015655 0.001941 0.000608 0.006815 0.000233 0.000165 0.000549
0.011048 0.000257 0.001890 0.779481 0.006198 0.162290 0.000005 0.000001 0.000077 0.000471 0.000058 0.000120 0.000027 0.000099 0.000019 0.001616 0.000333 0.001548 0.013676 0.000534 0.020114 0.000129 0.000002 0.000008
0.225881 0.040736 0.232199 0.050216 0.002570 0.020064 0.000027 0.000001 0.001515 0.001128 0.000209 0.006675 0.003278 0.002043 0.003026 0.063470 0.028234 0.244554 0.010841 0.000825 0.061830 0.000055 0.000024 0.000603
0.664134 0.029577 0.171207 0.106354 0.001135 0.003433 0.000028 0.000002 0.000116 0.001078 0.000037 0.000094 0.000219 0.000015 0.000060 0.002054 0.000158 0.001465 0.008546 0.000631 0.009624 0.000027 0.000001 0.000004
0.244442 0.007309 0.661014 0.000897 0.000076 0.000238 0.000307 0.000015 0.000174 0.001861 0.000023 0.000336 0.002043 0.000058 0.000238 0.000086 0.000020 0.000125 0.011366 0.006533 0.062809 0.000026 0.000001 0.000005
0.026362 0.024071 0.917295 0.002547 0.000650 0.023370 0.000058 0.000001 0.000022 0.001809 0.000572 0.002369 0.000010 0.000000 0.000074 0.000034 0.000003 0.000389 0.000027 0.000009 0.000323 0.000003 0.000000 0.000002
0.014893 0.000721 0.007402 0.542848 0.046013 0.369360 0.000007 0.000000 0.000055 0.001336 0.000095 0.000636 0.000048 0.000073 0.000052 0.003007 0.000120 0.003184 0.004940 0.000246 0.004778 0.000167 0.000001 0.000018
0.015828 0.008701 0.119893 0.012446 0.021106 0.143775 0.003868 0.000215 0.006761 0.039654 0.021486 0.046302 0.081890 0.003687 0.458699 0.000999 0.000074 0.002409 0.001502 0.000192 0.002515 0.001518 0.000029 0.006449
0.052040 0.003219 0.054434 0.316468 0.012846 0.266418 0.000035 0.000003 0.001045 0.005859 0.000341 0.005030 0.001080 0.000574 0.001558 0.004620 0.000819 0.018135 0.066554 0.005091 0.182787 0.000541 0.000003 0.000499
0.000121 0.000043 0.000021 0.000081 0.000043 0.000011 0.000021 0.000892 0.007789 0.000134 0.001384 0.000020 0.319937 0.270064 0.357054 0.000246 0.004251 0.000209 0.002151 0.020483 0.010383 0.001878 0.000791 0.001993
0.003443 0.010314 0.983373 0.000063 0.000040 0.000863 0.000049 0.000000 0.000015 0.000008 0.000136 0.000804 0.000038 0.000016 0.000252 0.000006 0.000048 0.000403 0.000006 0.000038 0.000079 0.000000 0.000002 0.000002
0.000827 0.000741 0.128797 0.001518 0.001203 0.182109 0.000130 0.000001 0.000364 0.002707 0.003001 0.615933 0.000067 0.000242 0.016458 0.000043 0.000051 0.022377 0.000266 0.000055 0.021902 0.000343 0.000004 0.000861
0.085601 0.014822 0.809219 0.001689 0.000818 0.007475 0.000125 0.000000 0.000277 0.002416 0.000582 0.049620 0.002096 0.001693 0.012964 0.000245 0.000078 0.001503 0.000728 0.000642 0.007333 0.000048 0.000001 0.000026
0.000049 0.000023 0.000134 0.000004 0.000003 0.000007 0.000002 0.000007 0.000112 0.000010 0.000017 0.000056 0.002949 0.697258 0.291563 0.001179 0.001503 0.002194 0.000320 0.000407 0.002052 0.000023 0.000038 0.000093
0.000090 0.000020 0.003431 0.000070 0.000272 0.009917 0.001092 0.000007 0.001328 0.025628 0.001026 0.889702 0.000013 0.000767 0.008596 0.000154 0.000004 0.000954 0.000355 0.000028 0.053892 0.001898 0.000007 0.000747
0.006142 0.003032 0.982391 0.000145 0.000060 0.005414 0.000021 0.000000 0.000024 0.000271 0.000041 0.000782 0.000001 0.000000 0.000595 0.000070 0.000001 0.000846 0.000003 0.000000 0.000154 0.000001 0.000000 0.000005
0.467256 0.022794 0.500397 0.000529 0.000321 0.000252 0.000012 0.000000 0.000078 0.000074 0.000006 0.000360 0.000154 0.000108 0.000684 0.001890 0.000055 0.001785 0.000369 0.000085 0.002775 0.000007 0.000001 0.000008
0.001896 0.000337 0.012630 0.001326 0.000512 0.005977 0.000048 0.000038 0.000902 0.032205 0.021524 0.524627 0.001013 0.005212 0.159919 0.002119 0.000594 0.030836 0.006438 0.002307 0.154762 0.007784 0.000048 0.026948
0.085643 0.016598 0.093946 0.007196 0.004360 0.011718 0.000059 0.000003 0.003689 0.004073 0.000294 0.021982 0.029080 0.025758 0.184997 0.296597 0.011751 0.133584 0.012288 0.000822 0.041436 0.001305 0.000136 0.012685
0.001180 0.002465 0.098778 0.001414 0.002469 0.151812 0.000021 0.000000 0.000629 0.000400 0.004170 0.121277 0.000031 0.000081 0.015611 0.001889 0.000225 0.566457 0.000098 0.000020 0.028123 0.000343 0.000012 0.002496
0.000421 0.005966 0.000112 0.000108 0.002536 0.000056 0.000000 0.000000 0.000009 0.000004 0.000009 0.000003 0.000020 0.000411 0.000059 0.642909 0.251188 0.095769 0.000020 0.000045 0.000010 0.000029 0.000130 0.000188
0.018082 0.012053 0.687508 0.011756 0.003813 0.090281 0.000165 0.000004 0.001907 0.001938 0.004628 0.011355 0.003995 0.012302 0.097113 0.002912 0.002050 0.035198 0.000580 0.000155 0.001364 0.000019 0.000119 0.000704
0.005077 0.004758 0.984718 0.000051 0.000077 0.001623 0.000010 0.000000 0.000008 0.000036 0.000163 0.000720 0.000002 0.000003 0.000075 0.000051 0.000015 0.002558 0.000001 0.000001 0.000050 0.000000 0.000000 0.000001
0.001046 0.000050 0.002045 0.000051 0.000007 0.000015 0.000033 0.000089 0.000502 0.000530 0.000730 0.000097 0.018544 0.000305 0.000790 0.000032 0.000790 0.000235 0.099426 0.081732 0.788493 0.003644 0.000009 0.000805
0.619859 0.003107 0.318378 0.000167 0.000016 0.000044 0.000056 0.000012 0.000433 0.000067 0.000008 0.000154 0.015688 0.000172 0.000510 0.000013 0.000027 0.000099 0.001205 0.000940 0.039033 0.000007 0.000004 0.000003
0.000518 0.000019 0.000871 0.000001 0.000002 0.000026 0.000840 0.000320 0.996565 0.000000 0.000007 0.000017 0.000124 0.000003 0.000141 0.000000 0.000000 0.000155 0.000008 0.000010 0.000350 0.000008 0.000002 0.000011
0.006706 0.003835 0.359908 0.004026 0.003090 0.340741 0.000054 0.000000 0.002147 0.000514 0.000759 0.044793 0.000111 0.000036 0.001996 0.004238 0.000510 0.208157 0.000191 0.000010 0.016165 0.000010 0.000010 0.001997
0.250368 0.047301 0.644053 0.003515 0.007165 0.009790 0.000114 0.000008 0.001037 0.001810 0.000471 0.002069 0.003996 0.000141 0.001268 0.002674 0.000153 0.005605 0.002319 0.000313 0.015578 0.000031 0.000005 0.000214
0.309479 0.010298 0.002449 0.221688 0.136231 0.007308 0.000007 0.000002 0.000060 0.000170 0.000015 0.000019 0.000097 0.000035 0.000029 0.206289 0.005819 0.097746 0.001319 0.000071 0.000714 0.000031 0.000030 0.000094
0.071269 0.013438 0.041294 0.057006 0.073437 0.066870 0.000007 0.000001 0.000579 0.000521 0.000315 0.003592 0.000458 0.000165 0.000715 0.093323 0.012861 0.524436 0.003304 0.000187 0.031399 0.000097 0.000069 0.004655
0.001161 0.000396 0.180979 0.007515 0.002350 0.776190 0.000080 0.000001 0.000159 0.006306 0.000515 0.010662 0.000001 0.000000 0.000073 0.000344 0.000007 0.008281 0.000081 0.000004 0.004810 0.000006 0.000000 0.000078
0.003171 0.001721 0.001955 0.001844 0.009890 0.013214 0.000001 0.000007 0.001485 0.000012 0.000714 0.001379 0.002123 0.032517 0.066478 0.042564 0.092477 0.723604 0.000042 0.000101 0.001948 0.000063 0.000631 0.002059
0.131015 0.004198 0.219833 0.176928 0.012336 0.425933 0.000008 0.000001 0.000033 0.001316 0.000107 0.000427 0.000004 0.000009 0.000038 0.009974 0.000038 0.016225 0.000573 0.000006 0.000980 0.000010 0.000003 0.000005
0.474298 0.011416 0.381204 0.011481 0.002832 0.008943 0.000055 0.000001 0.000442 0.000941 0.000071 0.005685 0.007733 0.004064 0.009481 0.017391 0.000569 0.018781 0.022901 0.000669 0.020870 0.000024 0.000005 0.000143
0.947646 0.018872 0.032300 0.000332 0.000230 0.000030 0.000008 0.000000 0.000006 0.000012 0.000003 0.000005 0.000119 0.000005 0.000012 0.000244 0.000002 0.000070 0.000037 0.000006 0.000062 0.000001 0.000000 0.000000
0.000201 0.000006 0.004049 0.000691 0.000038 0.020921 0.000021 0.000001 0.000185 0.051303 0.001729 0.908845 0.000001 0.000002 0.000585 0.000030 0.000000 0.004906 0.000014 0.000007 0.006027 0.000108 0.000000 0.000330
0.653729 0.207872 0.098167 0.000183 0.000251 0.000009 0.000091 0.000006 0.000070 0.000023 0.000000 0.000003 0.001612 0.000219 0.000448 0.022142 0.000668 0.008258 0.005315 0.000149 0.000766 0.000010 0.000008 0.000002
0.004369 0.002236 0.001945 0.001283 0.005013 0.000304 0.000007 0.000001 0.000112 0.000022 0.000017 0.000016 0.000115 0.000979 0.000624 0.141748 0.043615 0.787217 0.004305 0.000832 0.004947 0.000066 0.000037 0.000189
0.000348 0.000060 0.000135 0.000034 0.000040 0.000066 0.000003 0.000014 0.003037 0.000024 0.000812 0.000131 0.099703 0.258881 0.617016 0.001238 0.000850 0.009230 0.000350 0.000110 0.004554 0.000196 0.000413 0.002758
0.631332 0.002650 0.054569 0.086319 0.002547 0.034785 0.000684 0.000124 0.001701 0.006831 0.000435 0.000965 0.000327 0.002561 0.002355 0.014088 0.000882 0.011183 0.029302 0.000661 0.114238 0.001292 0.000128 0.000042
0.002667 0.000376 0.021659 0.116990 0.011187 0.839063 0.000022 0.000000 0.000011 0.001018 0.000356 0.001193 0.000001 0.000003 0.000065 0.001170 0.000044 0.002638 0.000605 0.000008 0.000892 0.000015 0.000001 0.000015
0.205347 0.009249 0.715431 0.004117 0.000356 0.002369 0.000048 0.000000 0.000340 0.000279 0.000014 0.006157 0.001183 0.001041 0.009600 0.008520 0.000443 0.021277 0.005131 0.000229 0.008809 0.000009 0.000003 0.000048
0.112304 0.154543 0.430308 0.003035 0.005399 0.005234 0.000010 0.000000 0.000015 0.000125 0.000027 0.000419 0.000006 0.000027 0.000072 0.032675 0.000822 0.254841 0.000039 0.000003 0.000072 0.000007 0.000008 0.000009
0.001399 0.000578 0.006204 0.237157 0.021901 0.659442 0.000004 0.000000 0.000159 0.014233 0.001244 0.007008 0.000005 0.000007 0.000305 0.004806 0.000210 0.039090 0.001227 0.000056 0.002839 0.001608 0.000003 0.000515
0.001966 0.000205 0.011023 0.000022 0.000024 0.000004 0.001273 0.001729 0.011267 0.009023 0.002482 0.006185 0.068285 0.000990 0.068685 0.000575 0.000042 0.000318 0.020832 0.100648 0.646673 0.043865 0.000101 0.003783
0.010190 0.283674 0.702632 0.000070 0.000055 0.000068 0.000007 0.000000 0.000010 0.000003 0.000002 0.000021 0.000016 0.000003 0.000015 0.000702 0.000400 0.002060 0.000002 0.000006 0.000060 0.000000 0.000004 0.000001
0.001700 0.000069 0.002694 0.000185 0.000005 0.000050 0.000003 0.000096 0.002013 0.000089 0.000438 0.000140 0.006284 0.000763 0.007931 0.000015 0.000142 0.000553 0.018777 0.251431 0.706315 0.000188 0.000014 0.000108
0.000028 0.000002 0.000793 0.000000 0.000000 0.000023 0.001786 0.000306 0.984836 0.000009 0.000839 0.000561 0.000065 0.000007 0.001209 0.000000 0.000000 0.000057 0.000010 0.000125 0.009128 0.000036 0.000002 0.000176
0.001029 0.003377 0.000959 0.000892 0.000238 0.000440 0.000030 0.000001 0.001888 0.000011 0.000021 0.000218 0.021556 0.077345 0.086278 0.357501 0.172610 0.269600 0.001303 0.000201 0.001820 0.000032 0.000962 0.001689
0.001668 0.000038 0.000310 0.000371 0.000034 0.000108 0.000108 0.000033 0.002964 0.000011 0.000793 0.000090 0.096946 0.022079 0.795892 0.000271 0.000113 0.001181 0.017645 0.013617 0.044435 0.000136 0.000194 0.000964
0.034278 0.031630 0.929334 0.000146 0.000056 0.002556 0.000032 0.000000 0.000026 0.000016 0.000199 0.000518 0.000011 0.000001 0.000712 0.000003 0.000006 0.000309 0.000006 0.000023 0.000135 0.000000 0.000001 0.000002
0.377437 0.006814 0.057016 0.512039 0.006169 0.032389 0.000011 0.000000 0.000023 0.001960 0.000024 0.000116 0.000012 0.000002 0.000033 0.000775 0.000008 0.000405 0.002083 0.000126 0.002549 0.000006 0.000001 0.000001
0.007495 0.002670 0.627974 0.002644 0.005000 0.108770 0.000914 0.000002 0.000426 0.007698 0.002967 0.195696 0.000033 0.000042 0.019949 0.000174 0.000016 0.009489 0.000614 0.000176 0.005890 0.000043 0.000001 0.001318
0.091593 0.002728 0.091601 0.007039 0.000714 0.008043 0.000688 0.000010 0.004661 0.003311 0.000217 0.002712 0.006619 0.007219 0.040585 0.000975 0.000849 0.005058 0.190065 0.029748 0.504432 0.000730 0.000013 0.000393
0.011234 0.005008 0.978582 0.000065 0.000138 0.002902 0.000015 0.000000 0.000011 0.000023 0.000032 0.000341 0.000000 0.000001 0.000135 0.000070 0.000002 0.001418 0.000001 0.000000 0.000021 0.000000 0.000000 0.000001
0.003377 0.000974 0.001450 0.050625 0.010284 0.016475 0.000001 0.000000 0.000059 0.000387 0.000061 0.000229 0.000010 0.000050 0.000143 0.663732 0.005113 0.236813 0.004674 0.000409 0.003510 0.000151 0.000007 0.001464
0.019965 0.000798 0.261753 0.006899 0.002330 0.105891 0.009239 0.000008 0.002916 0.131766 0.000531 0.088186 0.000546 0.000195 0.066768 0.000628 0.000014 0.004154 0.020347 0.001224 0.274308 0.000621 0.000006 0.000906
0.962383 0.015074 0.020357 0.001407 0.000503 0.000043 0.000014 0.000000 0.000001 0.000022 0.000001 0.000002 0.000012 0.000000 0.000012 0.000080 0.000001 0.000016 0.000030 0.000005 0.000037 0.000000 0.000000 0.000000
0.001423 0.000346 0.055086 0.023606 0.008978 0.900875 0.000067 0.000000 0.000015 0.003592 0.000550 0.003024 0.000000 0.000000 0.000066 0.000193 0.000002 0.001742 0.000038 0.000003 0.000378 0.000007 0.000000 0.000012
0.000126 0.000313 0.001712 0.000129 0.001618 0.008411 0.000001 0.000000 0.000261 0.000008 0.000348 0.000800 0.000015 0.000194 0.213822 0.005021 0.002223 0.762889 0.000001 0.000010 0.000190 0.000016 0.000179 0.001713
0.004782 0.000374 0.151248 0.029082 0.002491 0.523810 0.000143 0.000001 0.001006 0.017902 0.000500 0.143744 0.000035 0.000102 0.001740 0.003295 0.000080 0.016755 0.002630 0.000239 0.099169 0.000672 0.000006 0.000194
0.037213 0.005263 0.366403 0.134222 0.004638 0.312951 0.000400 0.000000 0.000913 0.009042 0.002474 0.032280 0.000618 0.000200 0.008146 0.003173 0.000567 0.023140 0.009434 0.001186 0.046825 0.000076 0.000004 0.000833
0.007477 0.000982 0.980059 0.000064 0.000058 0.002206 0.000020 0.000000 0.000034 0.000126 0.000035 0.002790 0.000006 0.000002 0.005110 0.000013 0.000001 0.000896 0.000001 0.000000 0.000119 0.000000 0.000000 0.000001
0.000012 0.000000 0.000174 0.000005 0.000020 0.000537 0.000149 0.000005 0.000353 0.000741 0.000348 0.997115 0.000000 0.000002 0.000041 0.000001 0.000000 0.000056 0.000000 0.000001 0.000370 0.000031 0.000000 0.000037
0.000911 0.000247 0.000072 0.000193 0.000072 0.000076 0.000003 0.000012 0.000845 0.000001 0.000008 0.000018 0.003159 0.823504 0.027271 0.014343 0.084981 0.040697 0.000438 0.000353 0.001553 0.000039 0.001056 0.000151
0.004456 0.000387 0.094053 0.002033 0.000792 0.032398 0.000721 0.000004 0.001286 0.018265 0.007417 0.760701 0.000003 0.000018 0.004413 0.001643 0.000015 0.063919 0.000023 0.000050 0.005584 0.000471 0.000022 0.001327
0.000135 0.000002 0.000057 0.000098 0.000003 0.000072 0.000616 0.000016 0.997381 0.000003 0.000015 0.000268 0.000010 0.000027 0.000062 0.000002 0.000001 0.000274 0.000039 0.000166 0.000623 0.000072 0.000007 0.000053
0.018011 0.000358 0.007279 0.001380 0.000047 0.000848 0.000901 0.000006 0.001560 0.000663 0.000002 0.000095 0.000099 0.000017 0.000050 0.000691 0.000023 0.000679 0.246542 0.001340 0.719034 0.000358 0.000002 0.000013
0.000702 0.000397 0.001458 0.000015 0.000257 0.000305 0.000037 0.000093 0.005972 0.001185 0.008386 0.135013 0.005527 0.021020 0.193226 0.003216 0.000769 0.036678 0.001601 0.110036 0.456617 0.002987 0.000094 0.014410
0.273201 0.040598 0.457858 0.008846 0.004439 0.013207 0.000090 0.000002 0.000279 0.001329 0.000091 0.017244 0.001496 0.001882 0.011184 0.080102 0.002087 0.081320 0.001138 0.000202 0.003090 0.000013 0.000063 0.000241
0.126693 0.052716 0.138926 0.008567 0.007012 0.016160 0.000042 0.000001 0.001006 0.001754 0.000349 0.013748 0.001536 0.002473 0.004810 0.199583 0.018709 0.356473 0.008505 0.001035 0.037489 0.000069 0.000026 0.002319
0.002228 0.004932 0.047900 0.000486 0.005704 0.060747 0.000021 0.000001 0.000558 0.001106 0.009946 0.530604 0.000131 0.000429 0.009766 0.003314 0.000721 0.300014 0.000194 0.000076 0.017068 0.000535 0.000021 0.003497
0.018414 0.001223 0.001076 0.711647 0.069423 0.173440 0.000007 0.000000 0.000022 0.000601 0.000096 0.000342 0.000015 0.000035 0.000019 0.011403 0.000245 0.005488 0.005014 0.000115 0.001264 0.000083 0.000001 0.000027
0.024832 0.029636 0.932695 0.000006 0.000170 0.000206 0.000097 0.000000 0.000064 0.000011 0.000053 0.001344 0.000031 0.000030 0.001413 0.000702 0.000010 0.008577 0.000007 0.000004 0.000095 0.000001 0.000001 0.000014
0.000112 0.000061 0.005336 0.000000 0.000004 0.000063 0.025602 0.000220 0.967368 0.000000 0.000016 0.000108 0.000006 0.000001 0.000861 0.000000 0.000000 0.000177 0.000002 0.000004 0.000017 0.000004 0.000001 0.000035
0.001234 0.000510 0.936267 0.000033 0.000019 0.001623 0.000677 0.000012 0.000211 0.005314 0.000045 0.052142 0.000001 0.000001 0.000534 0.000015 0.000000 0.000197 0.000024 0.000022 0.001062 0.000003 0.000000 0.000052
0.563080 0.078211 0.162585 0.134577 0.002377 0.012201 0.000047 0.000003 0.000541 0.001158 0.000038 0.000969 0.000868 0.000073 0.001165 0.019306 0.001011 0.009879 0.006290 0.000297 0.005187 0.000043 0.000015 0.000080
0.006879 0.004183 0.012574 0.007120 0.016714 0.010752 0.000031 0.000056 0.002136 0.003910 0.000462 0.001897 0.003697 0.003829 0.095915 0.183143 0.017574 0.390810 0.050831 0.007895 0.089302 0.008189 0.000087 0.082010
0.047274 0.660029 0.013484 0.000047 0.000085 0.000001 0.000001 0.000002 0.000011 0.000007 0.000001 0.000002 0.000194 0.000258 0.000398 0.246715 0.012539 0.018700 0.000082 0.000110 0.000018 0.000002 0.000038 0.000005
0.066737 0.021372 0.905602 0.000419 0.000563 0.001031 0.000101 0.000002 0.000065 0.000168 0.000233 0.000594 0.000201 0.000387 0.001133 0.000090 0.000009 0.000618 0.000166 0.000276 0.000225 0.000005 0.000002 0.000002
0.000933 0.002265 0.186686 0.006420 0.006294 0.496896 0.000047 0.000000 0.000166 0.000348 0.001279 0.018572 0.000019 0.000110 0.003930 0.002178 0.000486 0.270607 0.000235 0.000024 0.002253 0.000022 0.000002 0.000229
0.003927 0.001126 0.000831 0.000033 0.000182 0.000014 0.000108 0.000049 0.006536 0.000051 0.000666 0.000060 0.451998 0.096182 0.162132 0.001236 0.018333 0.003365 0.025375 0.194951 0.023839 0.007793 0.000084 0.001129
0.004349 0.000828 0.002075 0.000096 0.000181 0.000709 0.000024 0.000003 0.001478 0.000837 0.000163 0.002202 0.019207 0.239950 0.578122 0.007256 0.003767 0.014288 0.061465 0.005325 0.052314 0.004023 0.000184 0.001157
0.019630 0.006691 0.003513 0.002253 0.004778 0.010128 0.000025 0.000003 0.001621 0.001385 0.001086 0.007667 0.095695 0.053868 0.488211 0.090897 0.031480 0.109318 0.009008 0.000494 0.036747 0.004889 0.001166 0.019448
0.089589 0.022667 0.153861 0.049870 0.060684 0.288603 0.000128 0.000000 0.000671 0.003351 0.001523 0.014403 0.000358 0.001081 0.004223 0.065877 0.001933 0.206351 0.006943 0.000993 0.025585 0.000410 0.000025 0.000870
0.085733 0.001974 0.011476 0.698074 0.049401 0.131753 0.000025 0.000000 0.000033 0.001947 0.000070 0.000293 0.000006 0.000014 0.000058 0.002938 0.000036 0.005944 0.005915 0.000230 0.004019 0.000051 0.000001 0.000008
0.381955 0.008987 0.003456 0.423723 0.139536 0.018870 0.000047 0.000000 0.000037 0.000394 0.000065 0.000079 0.000046 0.000062 0.000052 0.008041 0.000195 0.008970 0.004202 0.000193 0.001014 0.000061 0.000006 0.000008
0.006455 0.002837 0.001526 0.003505 0.018067 0.006632 0.000001 0.000000 0.000263 0.000220 0.000063 0.002480 0.000075 0.001657 0.001661 0.099087 0.020398 0.814838 0.002555 0.000313 0.015571 0.000539 0.000013 0.001244
0.000017 0.000000 0.000007 0.000002 0.000000 0.000000 0.001148 0.000217 0.996173 0.000020 0.000006 0.000026 0.000280 0.000030 0.000187 0.000001 0.000002 0.000025 0.000119 0.000489 0.000841 0.000384 0.000002 0.000021
0.000036 0.000003 0.000035 0.000021 0.000009 0.000009 0.002670 0.000352 0.993708 0.000077 0.000011 0.000040 0.000521 0.000012 0.000110 0.000008 0.000002 0.000071 0.000545 0.000140 0.001077 0.000470 0.000007 0.000065
0.004813 0.000904 0.264538 0.031143 0.000930 0.170857 0.000363 0.000010 0.004307 0.061925 0.000831 0.048283 0.000147 0.000008 0.000722 0.006753 0.000185 0.012563 0.017714 0.001249 0.366935 0.000780 0.000005 0.004035
0.004021 0.001420 0.003697 0.082374 0.010625 0.022723 0.000001 0.000001 0.000199 0.001144 0.000200 0.000807 0.000094 0.000058 0.000119 0.532888 0.017463 0.310228 0.004463 0.000277 0.003137 0.000122 0.000008 0.003931
0.063764 0.063768 0.858210 0.001701 0.000570 0.001606 0.000002 0.000000 0.000021 0.000112 0.000016 0.000165 0.000032 0.000012 0.000071 0.003127 0.000190 0.006466 0.000025 0.000004 0.000133 0.000001 0.000001 0.000004
0.377469 0.056320 0.533564 0.020399 0.002596 0.003480 0.000009 0.000001 0.000076 0.001674 0.000103 0.000797 0.000187 0.000008 0.000072 0.000789 0.000066 0.000904 0.000349 0.000186 0.000936 0.000004 0.000001 0.000008
0.000642 0.000043 0.000946 0.000236 0.000012 0.000048 0.000040 0.000027 0.000469 0.000445 0.000012 0.000022 0.000934 0.000003 0.000362 0.000009 0.000033 0.000143 0.193636 0.004826 0.796695 0.000252 0.000000 0.000167
0.512738 0.035763 0.342686 0.089066 0.000696 0.011597 0.000058 0.000008 0.000025 0.002042 0.000076 0.000110 0.000039 0.000000 0.000032 0.000092 0.000014 0.000131 0.002615 0.000239 0.001964 0.000005 0.000001 0.000003
0.010554 0.009420 0.276734 0.013083 0.005288 0.190155 0.000021 0.000001 0.002124 0.002761 0.001236 0.040679 0.001120 0.000941 0.023929 0.013950 0.013837 0.319151 0.004175 0.000224 0.066988 0.000112 0.000017 0.003499
0.497052 0.033287 0.444581 0.017861 0.003750 0.001184 0.000010 0.000001 0.000021 0.000834 0.000035 0.000101 0.000029 0.000001 0.000015 0.000534 0.000012 0.000355 0.000173 0.000026 0.000138 0.000001 0.000000 0.000000
0.015537 0.009802 0.433446 0.084021 0.005531 0.252226 0.000103 0.000001 0.001154 0.008736 0.003513 0.027805 0.000988 0.000165 0.006421 0.004740 0.003346 0.062684 0.022640 0.001220 0.051200 0.000067 0.000004 0.004649
0.566042 0.068501 0.267520 0.067378 0.022289 0.004603 0.000015 0.000002 0.000009 0.000618 0.000060 0.000089 0.000013 0.000002 0.000016 0.001111 0.000055 0.001399 0.000156 0.000018 0.000097 0.000003 0.000001 0.000001
0.002017 0.018721 0.504906 0.000184 0.001009 0.006359 0.000002 0.000000 0.000010 0.000014 0.000076 0.000848 0.000002 0.000011 0.000194 0.011114 0.000805 0.453374 0.000021 0.000003 0.000276 0.000002 0.000002 0.000052
0.094458 0.005497 0.114083 0.198051 0.008416 0.159064 0.000029 0.000013 0.002024 0.026381 0.003041 0.029074 0.004945 0.002565 0.006165 0.055256 0.010659 0.071906 0.060359 0.007213 0.127252 0.006439 0.000026 0.007081
0.089941 0.032937 0.778159 0.015682 0.003596 0.027505 0.000078 0.000001 0.000441 0.003254 0.001181 0.027227 0.000964 0.000120 0.003583 0.001027 0.000351 0.007285 0.000958 0.000584 0.004954 0.000018 0.000001 0.000154
0.000034 0.000002 0.000015 0.000001 0.000000 0.000000 0.000066 0.000037 0.998225 0.000001 0.000001 0.000026 0.000027 0.000016 0.000093 0.000003 0.000007 0.000672 0.000007 0.000635 0.000077 0.000008 0.000000 0.000044
0.000376 0.000013 0.024203 0.000215 0.000024 0.011099 0.000033 0.000001 0.000471 0.007936 0.000156 0.930507 0.000005 0.000006 0.004369 0.000009 0.000000 0.002711 0.000031 0.000038 0.017487 0.000027 0.000001 0.000279
0.004627 0.000876 0.254056 0.018642 0.002472 0.637236 0.000067 0.000000 0.000666 0.009410 0.000625 0.033169 0.000015 0.000006 0.004843 0.000276 0.000019 0.012711 0.001230 0.000072 0.018419 0.000029 0.000001 0.000536
0.002506 0.002016 0.001203 0.015277 0.038793 0.004745 0.000001 0.000002 0.000191 0.000201 0.000098 0.000058 0.000045 0.000167 0.000534 0.592570 0.037567 0.297912 0.000934 0.000122 0.000196 0.000062 0.000015 0.004784
0.655983 0.020240 0.310818 0.009456 0.000619 0.000571 0.000013 0.000000 0.000013 0.000394 0.000006 0.000029 0.000004 0.000001 0.000017 0.000609 0.000008 0.000246 0.000597 0.000045 0.000328 0.000001 0.000000 0.000000
0.000912 0.003279 0.081084 0.003525 0.053824 0.106084 0.000023 0.000000 0.000017 0.000247 0.000188 0.001873 0.000000 0.000009 0.000244 0.064410 0.000874 0.683055 0.000053 0.000002 0.000162 0.000018 0.000007 0.000111
0.291893 0.042290 0.504110 0.012267 0.003289 0.002129 0.000024 0.000001 0.000607 0.000719 0.000071 0.001260 0.008066 0.001295 0.072542 0.025943 0.001168 0.029920 0.001169 0.000092 0.000922 0.000017 0.000035 0.000169
0.000063 0.000044 0.004267 0.000070 0.000112 0.001115 0.000025 0.000011 0.000343 0.093289 0.009463 0.749098 0.000008 0.000014 0.007375 0.000115 0.000025 0.005590 0.000647 0.000246 0.116870 0.001903 0.000004 0.009303
0.068983 0.004921 0.056926 0.122179 0.005782 0.065522 0.000040 0.000011 0.003551 0.041530 0.000795 0.042322 0.019562 0.005677 0.273895 0.032742 0.006506 0.026434 0.083779 0.005332 0.105238 0.011493 0.000180 0.016600
0.022822 0.004020 0.967859 0.000397 0.000167 0.002946 0.000038 0.000001 0.000011 0.000851 0.000025 0.000529 0.000000 0.000000 0.000060 0.000015 0.000000 0.000122 0.000010 0.000001 0.000120 0.000001 0.000000 0.000001
0.000016 0.000001 0.001742 0.000032 0.000006 0.002552 0.000013 0.000001 0.000107 0.008270 0.000094 0.983877 0.000000 0.000000 0.000125 0.000002 0.000000 0.000246 0.000005 0.000003 0.002706 0.000066 0.000000 0.000137
0.002601 0.000019 0.000386 0.000493 0.000019 0.000166 0.000048 0.000660 0.003429 0.004244 0.000201 0.004301 0.001554 0.001496 0.035330 0.000158 0.000024 0.001181 0.015971 0.356291 0.569360 0.001484 0.000034 0.000552
0.000062 0.000001 0.000032 0.000018 0.000001 0.000042 0.004485 0.001921 0.989759 0.000198 0.000143 0.000805 0.000086 0.000073 0.000201 0.000000 0.000000 0.000011 0.000081 0.000586 0.001271 0.000190 0.000003 0.000032
0.000345 0.001927 0.000390 0.000923 0.002130 0.000304 0.000002 0.000001 0.000083 0.000009 0.000009 0.000005 0.000089 0.000027 0.000123 0.787802 0.046605 0.151302 0.000680 0.000206 0.000224 0.000015 0.000027 0.006771
0.008036 0.090031 0.000954 0.000315 0.000362 0.000025 0.000000 0.000001 0.000017 0.000003 0.000004 0.000001 0.000213 0.000184 0.000079 0.689943 0.024974 0.184181 0.000125 0.000057 0.000013 0.000002 0.000293 0.000188
0.559400 0.040883 0.187855 0.018982 0.001128 0.002287 0.000013 0.000001 0.000168 0.000123 0.000070 0.000115 0.000338 0.000356 0.000290 0.053658 0.000661 0.131200 0.001134 0.000363 0.000923 0.000008 0.000014 0.000033
0.549503 0.046123 0.392098 0.007032 0.000633 0.001809 0.000085 0.000002 0.000057 0.000264 0.000062 0.000075 0.000151 0.000007 0.000032 0.000138 0.000005 0.000484 0.000670 0.000194 0.000566 0.000008 0.000001 0.000002
0.291458 0.608378 0.021640 0.018718 0.008283 0.000936 0.000012 0.000001 0.000012 0.000048 0.000024 0.000006 0.000229 0.000149 0.000033 0.026922 0.008976 0.013844 0.000152 0.000071 0.000061 0.000005 0.000039 0.000004
0.247553 0.001043 0.043238 0.081721 0.005047 0.025512 0.000669 0.000002 0.000308 0.000815 0.000026 0.000176 0.000901 0.002604 0.002346 0.002655 0.000590 0.019682 0.346991 0.006853 0.210985 0.000208 0.000004 0.000069
